  0.0    0.000       0.000
  5.0    0.000       0.000
 10.0    0.000       0.000
 15.0    0.000       0.000
 20.0    0.000       0.000
 25.0    0.000       0.000
 30.0    0.000       0.000
 35.0    0.000       0.000
 40.0    0.000       0.000
 45.0    0.000       0.000
 50.0    0.000       0.000
 55.0    0.000      25.869
 60.0    0.000      49.977
 65.0    0.000      70.683
 70.0    0.000      86.576
 75.0    0.000      96.575
 80.0    0.000     100.000
 85.0    0.000      96.617
 90.0    0.000      86.656
 95.0    0.000      70.795
100.0    0.000      50.115
105.0    0.000      26.023
110.0    0.000       0.159
115.0    0.000       0.000
120.0    0.000       0.000
125.0    0.000       0.000
130.0    0.000       0.000
135.0    0.000       0.000
140.0    0.000       0.000
145.0    0.000       0.000
150.0    0.000       0.000
155.0    0.000       0.000
160.0    0.000       0.000
165.0    0.000       0.000
170.0    0.000       0.000
175.0    0.000       0.000
180.0    0.000       0.000
185.0    0.000       0.000
190.0    0.000       0.000
195.0    0.000       0.000
200.0    0.000       0.000
205.0    0.000       0.000
210.0    0.000       0.000
215.0    0.000       0.000
220.0    0.000       0.000
225.0    0.000       0.000
230.0    0.000       0.000
235.0    0.000       0.000
240.0    0.000       0.000
245.0    0.000       0.000
250.0    0.000       0.000
255.0    0.000       0.000
260.0    0.000       0.000
265.0    0.000       0.000
270.0    0.000       0.000
275.0    0.000       0.000
280.0    0.000       0.000
285.0    0.000       0.000
290.0    0.000       0.000
295.0    0.000       0.000
300.0    0.000       0.000
  0.0    0.017       0.000
  5.0    0.017       0.000
 10.0    0.017       0.000
 15.0    0.017       0.000
 20.0    0.017       0.000
 25.0    0.017       0.000
 30.0    0.017       0.000
 35.0    0.017       0.000
 40.0    0.017       0.000
 45.0    0.017       0.000
 50.0    0.017       0.000
 55.0    0.017       0.010
 60.0    0.017      25.879
 65.0    0.017      49.985
 70.0    0.017      70.689
 75.0    0.017      86.580
 80.0    0.017      96.577
 85.0    0.017      99.999
 90.0    0.017      96.613
 95.0    0.017      86.649
100.0    0.017      70.787
105.0    0.017      50.105
110.0    0.017      26.013
115.0    0.017       0.159
120.0    0.017       0.000
125.0    0.017       0.000
130.0    0.017       0.000
135.0    0.017       0.000
140.0    0.017       0.000
145.0    0.017       0.000
150.0    0.017       0.000
155.0    0.017       0.000
160.0    0.017       0.000
165.0    0.017       0.000
170.0    0.017       0.000
175.0    0.017       0.000
180.0    0.017       0.000
185.0    0.017       0.000
190.0    0.017       0.000
195.0    0.017       0.000
200.0    0.017       0.000
205.0    0.017       0.000
210.0    0.017       0.000
215.0    0.017       0.000
220.0    0.017       0.000
225.0    0.017       0.000
230.0    0.017       0.000
235.0    0.017       0.000
240.0    0.017       0.000
245.0    0.017       0.000
250.0    0.017       0.000
255.0    0.017       0.000
260.0    0.017       0.000
265.0    0.017       0.000
270.0    0.017       0.000
275.0    0.017       0.000
280.0    0.017       0.000
285.0    0.017       0.000
290.0    0.017       0.000
295.0    0.017       0.000
300.0    0.017       0.000
  0.0    0.033       0.000
  5.0    0.033       0.000
 10.0    0.033       0.000
 15.0    0.033       0.000
 20.0    0.033       0.000
 25.0    0.033       0.000
 30.0    0.033       0.000
 35.0    0.033       0.000
 40.0    0.033       0.000
 45.0    0.033       0.000
 50.0    0.033       0.000
 55.0    0.033       0.000
 60.0    0.033       0.021
 65.0    0.033      25.888
 70.0    0.033      49.994
 75.0    0.033      70.695
 80.0    0.033      86.584
 85.0    0.033      96.578
 90.0    0.033      99.997
 95.0    0.033      96.609
100.0    0.033      86.643
105.0    0.033      70.779
110.0    0.033      50.096
115.0    0.033      26.002
120.0    0.033       0.159
125.0    0.033       0.000
130.0    0.033       0.000
135.0    0.033       0.000
140.0    0.033       0.000
145.0    0.033       0.000
150.0    0.033       0.000
155.0    0.033       0.000
160.0    0.033       0.000
165.0    0.033       0.000
170.0    0.033       0.000
175.0    0.033       0.000
180.0    0.033       0.000
185.0    0.033       0.000
190.0    0.033       0.000
195.0    0.033       0.000
200.0    0.033       0.000
205.0    0.033       0.000
210.0    0.033       0.000
215.0    0.033       0.000
220.0    0.033       0.000
225.0    0.033       0.000
230.0    0.033       0.000
235.0    0.033       0.000
240.0    0.033       0.000
245.0    0.033       0.000
250.0    0.033       0.000
255.0    0.033       0.000
260.0    0.033       0.000
265.0    0.033       0.000
270.0    0.033       0.000
275.0    0.033       0.000
280.0    0.033       0.000
285.0    0.033       0.000
290.0    0.033       0.000
295.0    0.033       0.000
300.0    0.033       0.000
  0.0    0.050       0.000
  5.0    0.050       0.000
 10.0    0.050       0.000
 15.0    0.050       0.000
 20.0    0.050       0.000
 25.0    0.050       0.000
 30.0    0.050       0.000
 35.0    0.050       0.000
 40.0    0.050       0.000
 45.0    0.050       0.000
 50.0    0.050       0.000
 55.0    0.050       0.000
 60.0    0.050       0.000
 65.0    0.050       0.031
 70.0    0.050      25.898
 75.0    0.050      50.002
 80.0    0.050      70.702
 85.0    0.050      86.588
 90.0    0.050      96.579
 95.0    0.050      99.996
100.0    0.050      96.605
105.0    0.050      86.637
110.0    0.050      70.770
115.0    0.050      50.086
120.0    0.050      25.992
125.0    0.050       0.159
130.0    0.050       0.000
135.0    0.050       0.000
140.0    0.050       0.000
145.0    0.050       0.000
150.0    0.050       0.000
155.0    0.050       0.000
160.0    0.050       0.000
165.0    0.050       0.000
170.0    0.050       0.000
175.0    0.050       0.000
180.0    0.050       0.000
185.0    0.050       0.000
190.0    0.050       0.000
195.0    0.050       0.000
200.0    0.050       0.000
205.0    0.050       0.000
210.0    0.050       0.000
215.0    0.050       0.000
220.0    0.050       0.000
225.0    0.050       0.000
230.0    0.050       0.000
235.0    0.050       0.000
240.0    0.050       0.000
245.0    0.050       0.000
250.0    0.050       0.000
255.0    0.050       0.000
260.0    0.050       0.000
265.0    0.050       0.000
270.0    0.050       0.000
275.0    0.050       0.000
280.0    0.050       0.000
285.0    0.050       0.000
290.0    0.050       0.000
295.0    0.050       0.000
300.0    0.050       0.000
  0.0    0.067       0.000
  5.0    0.067       0.000
 10.0    0.067       0.000
 15.0    0.067       0.000
 20.0    0.067       0.000
 25.0    0.067       0.000
 30.0    0.067       0.000
 35.0    0.067       0.000
 40.0    0.067       0.000
 45.0    0.067       0.000
 50.0    0.067       0.000
 55.0    0.067       0.000
 60.0    0.067       0.000
 65.0    0.067       0.000
 70.0    0.067       0.041
 75.0    0.067      25.908
 80.0    0.067      50.010
 85.0    0.067      70.708
 90.0    0.067      86.592
 95.0    0.067      96.581
100.0    0.067      99.995
105.0    0.067      96.601
110.0    0.067      86.630
115.0    0.067      70.762
120.0    0.067      50.076
125.0    0.067      25.982
130.0    0.067       0.159
135.0    0.067       0.000
140.0    0.067       0.000
145.0    0.067       0.000
150.0    0.067       0.000
155.0    0.067       0.000
160.0    0.067       0.000
165.0    0.067       0.000
170.0    0.067       0.000
175.0    0.067       0.000
180.0    0.067       0.000
185.0    0.067       0.000
190.0    0.067       0.000
195.0    0.067       0.000
200.0    0.067       0.000
205.0    0.067       0.000
210.0    0.067       0.000
215.0    0.067       0.000
220.0    0.067       0.000
225.0    0.067       0.000
230.0    0.067       0.000
235.0    0.067       0.000
240.0    0.067       0.000
245.0    0.067       0.000
250.0    0.067       0.000
255.0    0.067       0.000
260.0    0.067       0.000
265.0    0.067       0.000
270.0    0.067       0.000
275.0    0.067       0.000
280.0    0.067       0.000
285.0    0.067       0.000
290.0    0.067       0.000
295.0    0.067       0.000
300.0    0.067       0.000
  0.0    0.083       0.000
  5.0    0.083       0.000
 10.0    0.083       0.000
 15.0    0.083       0.000
 20.0    0.083       0.000
 25.0    0.083       0.000
 30.0    0.083       0.000
 35.0    0.083       0.000
 40.0    0.083       0.000
 45.0    0.083       0.000
 50.0    0.083       0.000
 55.0    0.083       0.000
 60.0    0.083       0.000
 65.0    0.083       0.000
 70.0    0.083       0.000
 75.0    0.083       0.052
 80.0    0.083      25.917
 85.0    0.083      50.018
 90.0    0.083      70.714
 95.0    0.083      86.596
100.0    0.083      96.582
105.0    0.083      99.993
110.0    0.083      96.597
115.0    0.083      86.624
120.0    0.083      70.754
125.0    0.083      50.067
130.0    0.083      25.971
135.0    0.083       0.159
140.0    0.083       0.000
145.0    0.083       0.000
150.0    0.083       0.000
155.0    0.083       0.000
160.0    0.083       0.000
165.0    0.083       0.000
170.0    0.083       0.000
175.0    0.083       0.000
180.0    0.083       0.000
185.0    0.083       0.000
190.0    0.083       0.000
195.0    0.083       0.000
200.0    0.083       0.000
205.0    0.083       0.000
210.0    0.083       0.000
215.0    0.083       0.000
220.0    0.083       0.000
225.0    0.083       0.000
230.0    0.083       0.000
235.0    0.083       0.000
240.0    0.083       0.000
245.0    0.083       0.000
250.0    0.083       0.000
255.0    0.083       0.000
260.0    0.083       0.000
265.0    0.083       0.000
270.0    0.083       0.000
275.0    0.083       0.000
280.0    0.083       0.000
285.0    0.083       0.000
290.0    0.083       0.000
295.0    0.083       0.000
300.0    0.083       0.000
  0.0    0.100       0.000
  5.0    0.100       0.000
 10.0    0.100       0.000
 15.0    0.100       0.000
 20.0    0.100       0.000
 25.0    0.100       0.000
 30.0    0.100       0.000
 35.0    0.100       0.000
 40.0    0.100       0.000
 45.0    0.100       0.000
 50.0    0.100       0.000
 55.0    0.100       0.000
 60.0    0.100       0.000
 65.0    0.100       0.000
 70.0    0.100       0.000
 75.0    0.100       0.000
 80.0    0.100       0.062
 85.0    0.100      25.927
 90.0    0.100      50.027
 95.0    0.100      70.721
100.0    0.100      86.600
105.0    0.100      96.584
110.0    0.100      99.992
115.0    0.100      96.593
120.0    0.100      86.617
125.0    0.100      70.745
130.0    0.100      50.057
135.0    0.100      25.961
140.0    0.100       0.159
145.0    0.100       0.000
150.0    0.100       0.000
155.0    0.100       0.000
160.0    0.100       0.000
165.0    0.100       0.000
170.0    0.100       0.000
175.0    0.100       0.000
180.0    0.100       0.000
185.0    0.100       0.000
190.0    0.100       0.000
195.0    0.100       0.000
200.0    0.100       0.000
205.0    0.100       0.000
210.0    0.100       0.000
215.0    0.100       0.000
220.0    0.100       0.000
225.0    0.100       0.000
230.0    0.100       0.000
235.0    0.100       0.000
240.0    0.100       0.000
245.0    0.100       0.000
250.0    0.100       0.000
255.0    0.100       0.000
260.0    0.100       0.000
265.0    0.100       0.000
270.0    0.100       0.000
275.0    0.100       0.000
280.0    0.100       0.000
285.0    0.100       0.000
290.0    0.100       0.000
295.0    0.100       0.000
300.0    0.100       0.000
  0.0    0.117       0.000
  5.0    0.117       0.000
 10.0    0.117       0.000
 15.0    0.117       0.000
 20.0    0.117       0.000
 25.0    0.117       0.000
 30.0    0.117       0.000
 35.0    0.117       0.000
 40.0    0.117       0.000
 45.0    0.117       0.000
 50.0    0.117       0.000
 55.0    0.117       0.000
 60.0    0.117       0.000
 65.0    0.117       0.000
 70.0    0.117       0.000
 75.0    0.117       0.000
 80.0    0.117       0.000
 85.0    0.117       0.072
 90.0    0.117      25.937
 95.0    0.117      50.035
100.0    0.117      70.727
105.0    0.117      86.604
110.0    0.117      96.585
115.0    0.117      99.990
120.0    0.117      96.589
125.0    0.117      86.611
130.0    0.117      70.737
135.0    0.117      50.047
140.0    0.117      25.951
145.0    0.117       0.159
150.0    0.117       0.000
155.0    0.117       0.000
160.0    0.117       0.000
165.0    0.117       0.000
170.0    0.117       0.000
175.0    0.117       0.000
180.0    0.117       0.000
185.0    0.117       0.000
190.0    0.117       0.000
195.0    0.117       0.000
200.0    0.117       0.000
205.0    0.117       0.000
210.0    0.117       0.000
215.0    0.117       0.000
220.0    0.117       0.000
225.0    0.117       0.000
230.0    0.117       0.000
235.0    0.117       0.000
240.0    0.117       0.000
245.0    0.117       0.000
250.0    0.117       0.000
255.0    0.117       0.000
260.0    0.117       0.000
265.0    0.117       0.000
270.0    0.117       0.000
275.0    0.117       0.000
280.0    0.117       0.000
285.0    0.117       0.000
290.0    0.117       0.000
295.0    0.117       0.000
300.0    0.117       0.000
  0.0    0.133       0.000
  5.0    0.133       0.000
 10.0    0.133       0.000
 15.0    0.133       0.000
 20.0    0.133       0.000
 25.0    0.133       0.000
 30.0    0.133       0.000
 35.0    0.133       0.000
 40.0    0.133       0.000
 45.0    0.133       0.000
 50.0    0.133       0.000
 55.0    0.133       0.000
 60.0    0.133       0.000
 65.0    0.133       0.000
 70.0    0.133       0.000
 75.0    0.133       0.000
 80.0    0.133       0.000
 85.0    0.133       0.000
 90.0    0.133       0.083
 95.0    0.133      25.946
100.0    0.133      50.043
105.0    0.133      70.733
110.0    0.133      86.608
115.0    0.133      96.586
120.0    0.133      99.989
125.0    0.133      96.585
130.0    0.133      86.605
135.0    0.133      70.729
140.0    0.133      50.038
145.0    0.133      25.940
150.0    0.133       0.159
155.0    0.133       0.000
160.0    0.133       0.000
165.0    0.133       0.000
170.0    0.133       0.000
175.0    0.133       0.000
180.0    0.133       0.000
185.0    0.133       0.000
190.0    0.133       0.000
195.0    0.133       0.000
200.0    0.133       0.000
205.0    0.133       0.000
210.0    0.133       0.000
215.0    0.133       0.000
220.0    0.133       0.000
225.0    0.133       0.000
230.0    0.133       0.000
235.0    0.133       0.000
240.0    0.133       0.000
245.0    0.133       0.000
250.0    0.133       0.000
255.0    0.133       0.000
260.0    0.133       0.000
265.0    0.133       0.000
270.0    0.133       0.000
275.0    0.133       0.000
280.0    0.133       0.000
285.0    0.133       0.000
290.0    0.133       0.000
295.0    0.133       0.000
300.0    0.133       0.000
  0.0    0.150       0.000
  5.0    0.150       0.000
 10.0    0.150       0.000
 15.0    0.150       0.000
 20.0    0.150       0.000
 25.0    0.150       0.000
 30.0    0.150       0.000
 35.0    0.150       0.000
 40.0    0.150       0.000
 45.0    0.150       0.000
 50.0    0.150       0.000
 55.0    0.150       0.000
 60.0    0.150       0.000
 65.0    0.150       0.000
 70.0    0.150       0.000
 75.0    0.150       0.000
 80.0    0.150       0.000
 85.0    0.150       0.000
 90.0    0.150       0.000
 95.0    0.150       0.093
100.0    0.150      25.956
105.0    0.150      50.052
110.0    0.150      70.740
115.0    0.150      86.612
120.0    0.150      96.588
125.0    0.150      99.988
130.0    0.150      96.581
135.0    0.150      86.598
140.0    0.150      70.721
145.0    0.150      50.028
150.0    0.150      25.930
155.0    0.150       0.159
160.0    0.150       0.000
165.0    0.150       0.000
170.0    0.150       0.000
175.0    0.150       0.000
180.0    0.150       0.000
185.0    0.150       0.000
190.0    0.150       0.000
195.0    0.150       0.000
200.0    0.150       0.000
205.0    0.150       0.000
210.0    0.150       0.000
215.0    0.150       0.000
220.0    0.150       0.000
225.0    0.150       0.000
230.0    0.150       0.000
235.0    0.150       0.000
240.0    0.150       0.000
245.0    0.150       0.000
250.0    0.150       0.000
255.0    0.150       0.000
260.0    0.150       0.000
265.0    0.150       0.000
270.0    0.150       0.000
275.0    0.150       0.000
280.0    0.150       0.000
285.0    0.150       0.000
290.0    0.150       0.000
295.0    0.150       0.000
300.0    0.150       0.000
  0.0    0.167       0.000
  5.0    0.167       0.000
 10.0    0.167       0.000
 15.0    0.167       0.000
 20.0    0.167       0.000
 25.0    0.167       0.000
 30.0    0.167       0.000
 35.0    0.167       0.000
 40.0    0.167       0.000
 45.0    0.167       0.000
 50.0    0.167       0.000
 55.0    0.167       0.000
 60.0    0.167       0.000
 65.0    0.167       0.000
 70.0    0.167       0.000
 75.0    0.167       0.000
 80.0    0.167       0.000
 85.0    0.167       0.000
 90.0    0.167       0.000
 95.0    0.167       0.000
100.0    0.167       0.103
105.0    0.167      25.966
110.0    0.167      50.060
115.0    0.167      70.746
120.0    0.167      86.616
125.0    0.167      96.589
130.0    0.167      99.986
135.0    0.167      96.577
140.0    0.167      86.592
145.0    0.167      70.712
150.0    0.167      50.019
155.0    0.167      25.920
160.0    0.167       0.159
165.0    0.167       0.000
170.0    0.167       0.000
175.0    0.167       0.000
180.0    0.167       0.000
185.0    0.167       0.000
190.0    0.167       0.000
195.0    0.167       0.000
200.0    0.167       0.000
205.0    0.167       0.000
210.0    0.167       0.000
215.0    0.167       0.000
220.0    0.167       0.000
225.0    0.167       0.000
230.0    0.167       0.000
235.0    0.167       0.000
240.0    0.167       0.000
245.0    0.167       0.000
250.0    0.167       0.000
255.0    0.167       0.000
260.0    0.167       0.000
265.0    0.167       0.000
270.0    0.167       0.000
275.0    0.167       0.000
280.0    0.167       0.000
285.0    0.167       0.000
290.0    0.167       0.000
295.0    0.167       0.000
300.0    0.167       0.000
  0.0    0.183       0.000
  5.0    0.183       0.000
 10.0    0.183       0.000
 15.0    0.183       0.000
 20.0    0.183       0.000
 25.0    0.183       0.000
 30.0    0.183       0.000
 35.0    0.183       0.000
 40.0    0.183       0.000
 45.0    0.183       0.000
 50.0    0.183       0.000
 55.0    0.183       0.000
 60.0    0.183       0.000
 65.0    0.183       0.000
 70.0    0.183       0.000
 75.0    0.183       0.000
 80.0    0.183       0.000
 85.0    0.183       0.000
 90.0    0.183       0.000
 95.0    0.183       0.000
100.0    0.183       0.000
105.0    0.183       0.114
110.0    0.183      25.975
115.0    0.183      50.068
120.0    0.183      70.752
125.0    0.183      86.620
130.0    0.183      96.590
135.0    0.183      99.985
140.0    0.183      96.573
145.0    0.183      86.586
150.0    0.183      70.704
155.0    0.183      50.009
160.0    0.183      25.909
165.0    0.183       0.159
170.0    0.183       0.000
175.0    0.183       0.000
180.0    0.183       0.000
185.0    0.183       0.000
190.0    0.183       0.000
195.0    0.183       0.000
200.0    0.183       0.000
205.0    0.183       0.000
210.0    0.183       0.000
215.0    0.183       0.000
220.0    0.183       0.000
225.0    0.183       0.000
230.0    0.183       0.000
235.0    0.183       0.000
240.0    0.183       0.000
245.0    0.183       0.000
250.0    0.183       0.000
255.0    0.183       0.000
260.0    0.183       0.000
265.0    0.183       0.000
270.0    0.183       0.000
275.0    0.183       0.000
280.0    0.183       0.000
285.0    0.183       0.000
290.0    0.183       0.000
295.0    0.183       0.000
300.0    0.183       0.000
  0.0    0.200       0.000
  5.0    0.200       0.000
 10.0    0.200       0.000
 15.0    0.200       0.000
 20.0    0.200       0.000
 25.0    0.200       0.000
 30.0    0.200       0.000
 35.0    0.200       0.000
 40.0    0.200       0.000
 45.0    0.200       0.000
 50.0    0.200       0.000
 55.0    0.200       0.000
 60.0    0.200       0.000
 65.0    0.200       0.000
 70.0    0.200       0.000
 75.0    0.200       0.000
 80.0    0.200       0.000
 85.0    0.200       0.000
 90.0    0.200       0.000
 95.0    0.200       0.000
100.0    0.200       0.000
105.0    0.200       0.000
110.0    0.200       0.124
115.0    0.200      25.985
120.0    0.200      50.076
125.0    0.200      70.759
130.0    0.200      86.624
135.0    0.200      96.592
140.0    0.200      99.984
145.0    0.200      96.569
150.0    0.200      86.579
155.0    0.200      70.696
160.0    0.200      49.999
165.0    0.200      25.899
170.0    0.200       0.158
175.0    0.200       0.000
180.0    0.200       0.000
185.0    0.200       0.000
190.0    0.200       0.000
195.0    0.200       0.000
200.0    0.200       0.000
205.0    0.200       0.000
210.0    0.200       0.000
215.0    0.200       0.000
220.0    0.200       0.000
225.0    0.200       0.000
230.0    0.200       0.000
235.0    0.200       0.000
240.0    0.200       0.000
245.0    0.200       0.000
250.0    0.200       0.000
255.0    0.200       0.000
260.0    0.200       0.000
265.0    0.200       0.000
270.0    0.200       0.000
275.0    0.200       0.000
280.0    0.200       0.000
285.0    0.200       0.000
290.0    0.200       0.000
295.0    0.200       0.000
300.0    0.200       0.000
  0.0    0.217       0.000
  5.0    0.217       0.000
 10.0    0.217       0.000
 15.0    0.217       0.000
 20.0    0.217       0.000
 25.0    0.217       0.000
 30.0    0.217       0.000
 35.0    0.217       0.000
 40.0    0.217       0.000
 45.0    0.217       0.000
 50.0    0.217       0.000
 55.0    0.217       0.000
 60.0    0.217       0.000
 65.0    0.217       0.000
 70.0    0.217       0.000
 75.0    0.217       0.000
 80.0    0.217       0.000
 85.0    0.217       0.000
 90.0    0.217       0.000
 95.0    0.217       0.000
100.0    0.217       0.000
105.0    0.217       0.000
110.0    0.217       0.000
115.0    0.217       0.135
120.0    0.217      25.994
125.0    0.217      50.085
130.0    0.217      70.765
135.0    0.217      86.628
140.0    0.217      96.593
145.0    0.217      99.982
150.0    0.217      96.565
155.0    0.217      86.573
160.0    0.217      70.688
165.0    0.217      49.990
170.0    0.217      25.889
175.0    0.217       0.158
180.0    0.217       0.000
185.0    0.217       0.000
190.0    0.217       0.000
195.0    0.217       0.000
200.0    0.217       0.000
205.0    0.217       0.000
210.0    0.217       0.000
215.0    0.217       0.000
220.0    0.217       0.000
225.0    0.217       0.000
230.0    0.217       0.000
235.0    0.217       0.000
240.0    0.217       0.000
245.0    0.217       0.000
250.0    0.217       0.000
255.0    0.217       0.000
260.0    0.217       0.000
265.0    0.217       0.000
270.0    0.217       0.000
275.0    0.217       0.000
280.0    0.217       0.000
285.0    0.217       0.000
290.0    0.217       0.000
295.0    0.217       0.000
300.0    0.217       0.000
  0.0    0.233       0.000
  5.0    0.233       0.000
 10.0    0.233       0.000
 15.0    0.233       0.000
 20.0    0.233       0.000
 25.0    0.233       0.000
 30.0    0.233       0.000
 35.0    0.233       0.000
 40.0    0.233       0.000
 45.0    0.233       0.000
 50.0    0.233       0.000
 55.0    0.233       0.000
 60.0    0.233       0.000
 65.0    0.233       0.000
 70.0    0.233       0.000
 75.0    0.233       0.000
 80.0    0.233       0.000
 85.0    0.233       0.000
 90.0    0.233       0.000
 95.0    0.233       0.000
100.0    0.233       0.000
105.0    0.233       0.000
110.0    0.233       0.000
115.0    0.233       0.000
120.0    0.233       0.145
125.0    0.233      26.004
130.0    0.233      50.093
135.0    0.233      70.771
140.0    0.233      86.632
145.0    0.233      96.594
150.0    0.233      99.981
155.0    0.233      96.561
160.0    0.233      86.567
165.0    0.233      70.679
170.0    0.233      49.980
175.0    0.233      25.878
180.0    0.233       0.158
185.0    0.233       0.000
190.0    0.233       0.000
195.0    0.233       0.000
200.0    0.233       0.000
205.0    0.233       0.000
210.0    0.233       0.000
215.0    0.233       0.000
220.0    0.233       0.000
225.0    0.233       0.000
230.0    0.233       0.000
235.0    0.233       0.000
240.0    0.233       0.000
245.0    0.233       0.000
250.0    0.233       0.000
255.0    0.233       0.000
260.0    0.233       0.000
265.0    0.233       0.000
270.0    0.233       0.000
275.0    0.233       0.000
280.0    0.233       0.000
285.0    0.233       0.000
290.0    0.233       0.000
295.0    0.233       0.000
300.0    0.233       0.000
  0.0    0.250       0.000
  5.0    0.250       0.000
 10.0    0.250       0.000
 15.0    0.250       0.000
 20.0    0.250       0.000
 25.0    0.250       0.000
 30.0    0.250       0.000
 35.0    0.250       0.000
 40.0    0.250       0.000
 45.0    0.250       0.000
 50.0    0.250       0.000
 55.0    0.250       0.000
 60.0    0.250       0.000
 65.0    0.250       0.000
 70.0    0.250       0.000
 75.0    0.250       0.000
 80.0    0.250       0.000
 85.0    0.250       0.000
 90.0    0.250       0.000
 95.0    0.250       0.000
100.0    0.250       0.000
105.0    0.250       0.000
110.0    0.250       0.000
115.0    0.250       0.000
120.0    0.250       0.000
125.0    0.250       0.155
130.0    0.250      26.014
135.0    0.250      50.101
140.0    0.250      70.778
145.0    0.250      86.636
150.0    0.250      96.596
155.0    0.250      99.980
160.0    0.250      96.557
165.0    0.250      86.560
170.0    0.250      70.671
175.0    0.250      49.970
180.0    0.250      25.868
185.0    0.250       0.158
190.0    0.250       0.000
195.0    0.250       0.000
200.0    0.250       0.000
205.0    0.250       0.000
210.0    0.250       0.000
215.0    0.250       0.000
220.0    0.250       0.000
225.0    0.250       0.000
230.0    0.250       0.000
235.0    0.250       0.000
240.0    0.250       0.000
245.0    0.250       0.000
250.0    0.250       0.000
255.0    0.250       0.000
260.0    0.250       0.000
265.0    0.250       0.000
270.0    0.250       0.000
275.0    0.250       0.000
280.0    0.250       0.000
285.0    0.250       0.000
290.0    0.250       0.000
295.0    0.250       0.000
300.0    0.250       0.000
  0.0    0.267       0.000
  5.0    0.267       0.000
 10.0    0.267       0.000
 15.0    0.267       0.000
 20.0    0.267       0.000
 25.0    0.267       0.000
 30.0    0.267       0.000
 35.0    0.267       0.000
 40.0    0.267       0.000
 45.0    0.267       0.000
 50.0    0.267       0.000
 55.0    0.267       0.000
 60.0    0.267       0.000
 65.0    0.267       0.000
 70.0    0.267       0.000
 75.0    0.267       0.000
 80.0    0.267       0.000
 85.0    0.267       0.000
 90.0    0.267       0.000
 95.0    0.267       0.000
100.0    0.267       0.000
105.0    0.267       0.000
110.0    0.267       0.000
115.0    0.267       0.000
120.0    0.267       0.000
125.0    0.267       0.000
130.0    0.267       0.166
135.0    0.267      26.023
140.0    0.267      50.109
145.0    0.267      70.784
150.0    0.267      86.640
155.0    0.267      96.597
160.0    0.267      99.978
165.0    0.267      96.553
170.0    0.267      86.554
175.0    0.267      70.663
180.0    0.267      49.961
185.0    0.267      25.858
190.0    0.267       0.158
195.0    0.267       0.000
200.0    0.267       0.000
205.0    0.267       0.000
210.0    0.267       0.000
215.0    0.267       0.000
220.0    0.267       0.000
225.0    0.267       0.000
230.0    0.267       0.000
235.0    0.267       0.000
240.0    0.267       0.000
245.0    0.267       0.000
250.0    0.267       0.000
255.0    0.267       0.000
260.0    0.267       0.000
265.0    0.267       0.000
270.0    0.267       0.000
275.0    0.267       0.000
280.0    0.267       0.000
285.0    0.267       0.000
290.0    0.267       0.000
295.0    0.267       0.000
300.0    0.267       0.000
  0.0    0.283       0.000
  5.0    0.283       0.000
 10.0    0.283       0.000
 15.0    0.283       0.000
 20.0    0.283       0.000
 25.0    0.283       0.000
 30.0    0.283       0.000
 35.0    0.283       0.000
 40.0    0.283       0.000
 45.0    0.283       0.000
 50.0    0.283       0.000
 55.0    0.283       0.000
 60.0    0.283       0.000
 65.0    0.283       0.000
 70.0    0.283       0.000
 75.0    0.283       0.000
 80.0    0.283       0.000
 85.0    0.283       0.000
 90.0    0.283       0.000
 95.0    0.283       0.000
100.0    0.283       0.000
105.0    0.283       0.000
110.0    0.283       0.000
115.0    0.283       0.000
120.0    0.283       0.000
125.0    0.283       0.000
130.0    0.283       0.001
135.0    0.283       0.176
140.0    0.283      26.033
145.0    0.283      50.118
150.0    0.283      70.790
155.0    0.283      86.644
160.0    0.283      96.599
165.0    0.283      99.977
170.0    0.283      96.549
175.0    0.283      86.548
180.0    0.283      70.654
185.0    0.283      49.951
190.0    0.283      25.848
195.0    0.283       0.158
200.0    0.283       0.000
205.0    0.283       0.000
210.0    0.283       0.000
215.0    0.283       0.000
220.0    0.283       0.000
225.0    0.283       0.000
230.0    0.283       0.000
235.0    0.283       0.000
240.0    0.283       0.000
245.0    0.283       0.000
250.0    0.283       0.000
255.0    0.283       0.000
260.0    0.283       0.000
265.0    0.283       0.000
270.0    0.283       0.000
275.0    0.283       0.000
280.0    0.283       0.000
285.0    0.283       0.000
290.0    0.283       0.000
295.0    0.283       0.000
300.0    0.283       0.000
  0.0    0.300       0.000
  5.0    0.300       0.000
 10.0    0.300       0.000
 15.0    0.300       0.000
 20.0    0.300       0.000
 25.0    0.300       0.000
 30.0    0.300       0.000
 35.0    0.300       0.000
 40.0    0.300       0.000
 45.0    0.300       0.000
 50.0    0.300       0.000
 55.0    0.300       0.000
 60.0    0.300       0.000
 65.0    0.300       0.000
 70.0    0.300       0.000
 75.0    0.300       0.000
 80.0    0.300       0.000
 85.0    0.300       0.000
 90.0    0.300       0.000
 95.0    0.300       0.000
100.0    0.300       0.000
105.0    0.300       0.000
110.0    0.300       0.000
115.0    0.300       0.000
120.0    0.300       0.000
125.0    0.300       0.000
130.0    0.300       0.000
135.0    0.300       0.001
140.0    0.300       0.186
145.0    0.300      26.043
150.0    0.300      50.126
155.0    0.300      70.797
160.0    0.300      86.648
165.0    0.300      96.600
170.0    0.300      99.975
175.0    0.300      96.545
180.0    0.300      86.541
185.0    0.300      70.646
190.0    0.300      49.941
195.0    0.300      25.837
200.0    0.300       0.158
205.0    0.300       0.000
210.0    0.300       0.000
215.0    0.300       0.000
220.0    0.300       0.000
225.0    0.300       0.000
230.0    0.300       0.000
235.0    0.300       0.000
240.0    0.300       0.000
245.0    0.300       0.000
250.0    0.300       0.000
255.0    0.300       0.000
260.0    0.300       0.000
265.0    0.300       0.000
270.0    0.300       0.000
275.0    0.300       0.000
280.0    0.300       0.000
285.0    0.300       0.000
290.0    0.300       0.000
295.0    0.300       0.000
300.0    0.300       0.000
  0.0    0.317       0.000
  5.0    0.317       0.000
 10.0    0.317       0.000
 15.0    0.317       0.000
 20.0    0.317       0.000
 25.0    0.317       0.000
 30.0    0.317       0.000
 35.0    0.317       0.000
 40.0    0.317       0.000
 45.0    0.317       0.000
 50.0    0.317       0.000
 55.0    0.317       0.000
 60.0    0.317       0.000
 65.0    0.317       0.000
 70.0    0.317       0.000
 75.0    0.317       0.000
 80.0    0.317       0.000
 85.0    0.317       0.000
 90.0    0.317       0.000
 95.0    0.317       0.000
100.0    0.317       0.000
105.0    0.317       0.000
110.0    0.317       0.000
115.0    0.317       0.000
120.0    0.317       0.000
125.0    0.317       0.000
130.0    0.317       0.000
135.0    0.317       0.000
140.0    0.317       0.001
145.0    0.317       0.197
150.0    0.317      26.052
155.0    0.317      50.134
160.0    0.317      70.803
165.0    0.317      86.652
170.0    0.317      96.601
175.0    0.317      99.974
180.0    0.317      96.541
185.0    0.317      86.535
190.0    0.317      70.638
195.0    0.317      49.932
200.0    0.317      25.827
205.0    0.317       0.158
210.0    0.317       0.000
215.0    0.317       0.000
220.0    0.317       0.000
225.0    0.317       0.000
230.0    0.317       0.000
235.0    0.317       0.000
240.0    0.317       0.000
245.0    0.317       0.000
250.0    0.317       0.000
255.0    0.317       0.000
260.0    0.317       0.000
265.0    0.317       0.000
270.0    0.317       0.000
275.0    0.317       0.000
280.0    0.317       0.000
285.0    0.317       0.000
290.0    0.317       0.000
295.0    0.317       0.000
300.0    0.317       0.000
  0.0    0.333       0.000
  5.0    0.333       0.000
 10.0    0.333       0.000
 15.0    0.333       0.000
 20.0    0.333       0.000
 25.0    0.333       0.000
 30.0    0.333       0.000
 35.0    0.333       0.000
 40.0    0.333       0.000
 45.0    0.333       0.000
 50.0    0.333       0.000
 55.0    0.333       0.000
 60.0    0.333       0.000
 65.0    0.333       0.000
 70.0    0.333       0.000
 75.0    0.333       0.000
 80.0    0.333       0.000
 85.0    0.333       0.000
 90.0    0.333       0.000
 95.0    0.333       0.000
100.0    0.333       0.000
105.0    0.333       0.000
110.0    0.333       0.000
115.0    0.333       0.000
120.0    0.333       0.000
125.0    0.333       0.000
130.0    0.333       0.000
135.0    0.333       0.000
140.0    0.333       0.000
145.0    0.333       0.001
150.0    0.333       0.207
155.0    0.333      26.062
160.0    0.333      50.143
165.0    0.333      70.809
170.0    0.333      86.656
175.0    0.333      96.603
180.0    0.333      99.973
185.0    0.333      96.537
190.0    0.333      86.529
195.0    0.333      70.630
200.0    0.333      49.922
205.0    0.333      25.817
210.0    0.333       0.158
215.0    0.333       0.000
220.0    0.333       0.000
225.0    0.333       0.000
230.0    0.333       0.000
235.0    0.333       0.000
240.0    0.333       0.000
245.0    0.333       0.000
250.0    0.333       0.000
255.0    0.333       0.000
260.0    0.333       0.000
265.0    0.333       0.000
270.0    0.333       0.000
275.0    0.333       0.000
280.0    0.333       0.000
285.0    0.333       0.000
290.0    0.333       0.000
295.0    0.333       0.000
300.0    0.333       0.000
  0.0    0.350       0.000
  5.0    0.350       0.000
 10.0    0.350       0.000
 15.0    0.350       0.000
 20.0    0.350       0.000
 25.0    0.350       0.000
 30.0    0.350       0.000
 35.0    0.350       0.000
 40.0    0.350       0.000
 45.0    0.350       0.000
 50.0    0.350       0.000
 55.0    0.350       0.000
 60.0    0.350       0.000
 65.0    0.350       0.000
 70.0    0.350       0.000
 75.0    0.350       0.000
 80.0    0.350       0.000
 85.0    0.350       0.000
 90.0    0.350       0.000
 95.0    0.350       0.000
100.0    0.350       0.000
105.0    0.350       0.000
110.0    0.350       0.000
115.0    0.350       0.000
120.0    0.350       0.000
125.0    0.350       0.000
130.0    0.350       0.000
135.0    0.350       0.000
140.0    0.350       0.000
145.0    0.350       0.000
150.0    0.350       0.001
155.0    0.350       0.217
160.0    0.350      26.072
165.0    0.350      50.151
170.0    0.350      70.816
175.0    0.350      86.660
180.0    0.350      96.604
185.0    0.350      99.971
190.0    0.350      96.533
195.0    0.350      86.522
200.0    0.350      70.621
205.0    0.350      49.912
210.0    0.350      25.806
215.0    0.350       0.158
220.0    0.350       0.000
225.0    0.350       0.000
230.0    0.350       0.000
235.0    0.350       0.000
240.0    0.350       0.000
245.0    0.350       0.000
250.0    0.350       0.000
255.0    0.350       0.000
260.0    0.350       0.000
265.0    0.350       0.000
270.0    0.350       0.000
275.0    0.350       0.000
280.0    0.350       0.000
285.0    0.350       0.000
290.0    0.350       0.000
295.0    0.350       0.000
300.0    0.350       0.000
  0.0    0.367       0.000
  5.0    0.367       0.000
 10.0    0.367       0.000
 15.0    0.367       0.000
 20.0    0.367       0.000
 25.0    0.367       0.000
 30.0    0.367       0.000
 35.0    0.367       0.000
 40.0    0.367       0.000
 45.0    0.367       0.000
 50.0    0.367       0.000
 55.0    0.367       0.000
 60.0    0.367       0.000
 65.0    0.367       0.000
 70.0    0.367       0.000
 75.0    0.367       0.000
 80.0    0.367       0.000
 85.0    0.367       0.000
 90.0    0.367       0.000
 95.0    0.367       0.000
100.0    0.367       0.000
105.0    0.367       0.000
110.0    0.367       0.000
115.0    0.367       0.000
120.0    0.367       0.000
125.0    0.367       0.000
130.0    0.367       0.000
135.0    0.367       0.000
140.0    0.367       0.000
145.0    0.367       0.000
150.0    0.367       0.000
155.0    0.367       0.001
160.0    0.367       0.228
165.0    0.367      26.081
170.0    0.367      50.159
175.0    0.367      70.822
180.0    0.367      86.664
185.0    0.367      96.605
190.0    0.367      99.970
195.0    0.367      96.529
200.0    0.367      86.516
205.0    0.367      70.613
210.0    0.367      49.903
215.0    0.367      25.796
220.0    0.367       0.158
225.0    0.367       0.000
230.0    0.367       0.000
235.0    0.367       0.000
240.0    0.367       0.000
245.0    0.367       0.000
250.0    0.367       0.000
255.0    0.367       0.000
260.0    0.367       0.000
265.0    0.367       0.000
270.0    0.367       0.000
275.0    0.367       0.000
280.0    0.367       0.000
285.0    0.367       0.000
290.0    0.367       0.000
295.0    0.367       0.000
300.0    0.367       0.000
  0.0    0.383       0.000
  5.0    0.383       0.000
 10.0    0.383       0.000
 15.0    0.383       0.000
 20.0    0.383       0.000
 25.0    0.383       0.000
 30.0    0.383       0.000
 35.0    0.383       0.000
 40.0    0.383       0.000
 45.0    0.383       0.000
 50.0    0.383       0.000
 55.0    0.383       0.000
 60.0    0.383       0.000
 65.0    0.383       0.000
 70.0    0.383       0.000
 75.0    0.383       0.000
 80.0    0.383       0.000
 85.0    0.383       0.000
 90.0    0.383       0.000
 95.0    0.383       0.000
100.0    0.383       0.000
105.0    0.383       0.000
110.0    0.383       0.000
115.0    0.383       0.000
120.0    0.383       0.000
125.0    0.383       0.000
130.0    0.383       0.000
135.0    0.383       0.000
140.0    0.383       0.000
145.0    0.383       0.000
150.0    0.383       0.000
155.0    0.383       0.000
160.0    0.383       0.001
165.0    0.383       0.238
170.0    0.383      26.091
175.0    0.383      50.167
180.0    0.383      70.829
185.0    0.383      86.668
190.0    0.383      96.607
195.0    0.383      99.969
200.0    0.383      96.525
205.0    0.383      86.509
210.0    0.383      70.605
215.0    0.383      49.893
220.0    0.383      25.786
225.0    0.383       0.158
230.0    0.383       0.000
235.0    0.383       0.000
240.0    0.383       0.000
245.0    0.383       0.000
250.0    0.383       0.000
255.0    0.383       0.000
260.0    0.383       0.000
265.0    0.383       0.000
270.0    0.383       0.000
275.0    0.383       0.000
280.0    0.383       0.000
285.0    0.383       0.000
290.0    0.383       0.000
295.0    0.383       0.000
300.0    0.383       0.000
  0.0    0.400       0.000
  5.0    0.400       0.000
 10.0    0.400       0.000
 15.0    0.400       0.000
 20.0    0.400       0.000
 25.0    0.400       0.000
 30.0    0.400       0.000
 35.0    0.400       0.000
 40.0    0.400       0.000
 45.0    0.400       0.000
 50.0    0.400       0.000
 55.0    0.400       0.000
 60.0    0.400       0.000
 65.0    0.400       0.000
 70.0    0.400       0.000
 75.0    0.400       0.000
 80.0    0.400       0.000
 85.0    0.400       0.000
 90.0    0.400       0.000
 95.0    0.400       0.000
100.0    0.400       0.000
105.0    0.400       0.000
110.0    0.400       0.000
115.0    0.400       0.000
120.0    0.400       0.000
125.0    0.400       0.000
130.0    0.400       0.000
135.0    0.400       0.000
140.0    0.400       0.000
145.0    0.400       0.000
150.0    0.400       0.000
155.0    0.400       0.000
160.0    0.400       0.000
165.0    0.400       0.001
170.0    0.400       0.248
175.0    0.400      26.100
180.0    0.400      50.176
185.0    0.400      70.835
190.0    0.400      86.672
195.0    0.400      96.608
200.0    0.400      99.967
205.0    0.400      96.521
210.0    0.400      86.503
215.0    0.400      70.596
220.0    0.400      49.884
225.0    0.400      25.776
230.0    0.400       0.158
235.0    0.400       0.000
240.0    0.400       0.000
245.0    0.400       0.000
250.0    0.400       0.000
255.0    0.400       0.000
260.0    0.400       0.000
265.0    0.400       0.000
270.0    0.400       0.000
275.0    0.400       0.000
280.0    0.400       0.000
285.0    0.400       0.000
290.0    0.400       0.000
295.0    0.400       0.000
300.0    0.400       0.000
  0.0    0.416       0.000
  5.0    0.416       0.000
 10.0    0.416       0.000
 15.0    0.416       0.000
 20.0    0.416       0.000
 25.0    0.416       0.000
 30.0    0.416       0.000
 35.0    0.416       0.000
 40.0    0.416       0.000
 45.0    0.416       0.000
 50.0    0.416       0.000
 55.0    0.416       0.000
 60.0    0.416       0.000
 65.0    0.416       0.000
 70.0    0.416       0.000
 75.0    0.416       0.000
 80.0    0.416       0.000
 85.0    0.416       0.000
 90.0    0.416       0.000
 95.0    0.416       0.000
100.0    0.416       0.000
105.0    0.416       0.000
110.0    0.416       0.000
115.0    0.416       0.000
120.0    0.416       0.000
125.0    0.416       0.000
130.0    0.416       0.000
135.0    0.416       0.000
140.0    0.416       0.000
145.0    0.416       0.000
150.0    0.416       0.000
155.0    0.416       0.000
160.0    0.416       0.000
165.0    0.416       0.000
170.0    0.416       0.001
175.0    0.416       0.259
180.0    0.416      26.110
185.0    0.416      50.184
190.0    0.416      70.841
195.0    0.416      86.676
200.0    0.416      96.609
205.0    0.416      99.966
210.0    0.416      96.517
215.0    0.416      86.497
220.0    0.416      70.588
225.0    0.416      49.874
230.0    0.416      25.765
235.0    0.416       0.158
240.0    0.416       0.000
245.0    0.416       0.000
250.0    0.416       0.000
255.0    0.416       0.000
260.0    0.416       0.000
265.0    0.416       0.000
270.0    0.416       0.000
275.0    0.416       0.000
280.0    0.416       0.000
285.0    0.416       0.000
290.0    0.416       0.000
295.0    0.416       0.000
300.0    0.416       0.000
  0.0    0.433       0.000
  5.0    0.433       0.000
 10.0    0.433       0.000
 15.0    0.433       0.000
 20.0    0.433       0.000
 25.0    0.433       0.000
 30.0    0.433       0.000
 35.0    0.433       0.000
 40.0    0.433       0.000
 45.0    0.433       0.000
 50.0    0.433       0.000
 55.0    0.433       0.000
 60.0    0.433       0.000
 65.0    0.433       0.000
 70.0    0.433       0.000
 75.0    0.433       0.000
 80.0    0.433       0.000
 85.0    0.433       0.000
 90.0    0.433       0.000
 95.0    0.433       0.000
100.0    0.433       0.000
105.0    0.433       0.000
110.0    0.433       0.000
115.0    0.433       0.000
120.0    0.433       0.000
125.0    0.433       0.000
130.0    0.433       0.000
135.0    0.433       0.000
140.0    0.433       0.000
145.0    0.433       0.000
150.0    0.433       0.000
155.0    0.433       0.000
160.0    0.433       0.000
165.0    0.433       0.000
170.0    0.433       0.000
175.0    0.433       0.001
180.0    0.433       0.269
185.0    0.433      26.120
190.0    0.433      50.192
195.0    0.433      70.848
200.0    0.433      86.680
205.0    0.433      96.611
210.0    0.433      99.964
215.0    0.433      96.513
220.0    0.433      86.490
225.0    0.433      70.580
230.0    0.433      49.864
235.0    0.433      25.755
240.0    0.433       0.158
245.0    0.433       0.000
250.0    0.433       0.000
255.0    0.433       0.000
260.0    0.433       0.000
265.0    0.433       0.000
270.0    0.433       0.000
275.0    0.433       0.000
280.0    0.433       0.000
285.0    0.433       0.000
290.0    0.433       0.000
295.0    0.433       0.000
300.0    0.433       0.000
  0.0    0.450       0.000
  5.0    0.450       0.000
 10.0    0.450       0.000
 15.0    0.450       0.000
 20.0    0.450       0.000
 25.0    0.450       0.000
 30.0    0.450       0.000
 35.0    0.450       0.000
 40.0    0.450       0.000
 45.0    0.450       0.000
 50.0    0.450       0.000
 55.0    0.450       0.000
 60.0    0.450       0.000
 65.0    0.450       0.000
 70.0    0.450       0.000
 75.0    0.450       0.000
 80.0    0.450       0.000
 85.0    0.450       0.000
 90.0    0.450       0.000
 95.0    0.450       0.000
100.0    0.450       0.000
105.0    0.450       0.000
110.0    0.450       0.000
115.0    0.450       0.000
120.0    0.450       0.000
125.0    0.450       0.000
130.0    0.450       0.000
135.0    0.450       0.000
140.0    0.450       0.000
145.0    0.450       0.000
150.0    0.450       0.000
155.0    0.450       0.000
160.0    0.450       0.000
165.0    0.450       0.000
170.0    0.450       0.000
175.0    0.450       0.000
180.0    0.450       0.001
185.0    0.450       0.279
190.0    0.450      26.129
195.0    0.450      50.200
200.0    0.450      70.854
205.0    0.450      86.684
210.0    0.450      96.612
215.0    0.450      99.963
220.0    0.450      96.509
225.0    0.450      86.484
230.0    0.450      70.572
235.0    0.450      49.855
240.0    0.450      25.745
245.0    0.450       0.158
250.0    0.450       0.000
255.0    0.450       0.000
260.0    0.450       0.000
265.0    0.450       0.000
270.0    0.450       0.000
275.0    0.450       0.000
280.0    0.450       0.000
285.0    0.450       0.000
290.0    0.450       0.000
295.0    0.450       0.000
300.0    0.450       0.000
  0.0    0.466       0.000
  5.0    0.466       0.000
 10.0    0.466       0.000
 15.0    0.466       0.000
 20.0    0.466       0.000
 25.0    0.466       0.000
 30.0    0.466       0.000
 35.0    0.466       0.000
 40.0    0.466       0.000
 45.0    0.466       0.000
 50.0    0.466       0.000
 55.0    0.466       0.000
 60.0    0.466       0.000
 65.0    0.466       0.000
 70.0    0.466       0.000
 75.0    0.466       0.000
 80.0    0.466       0.000
 85.0    0.466       0.000
 90.0    0.466       0.000
 95.0    0.466       0.000
100.0    0.466       0.000
105.0    0.466       0.000
110.0    0.466       0.000
115.0    0.466       0.000
120.0    0.466       0.000
125.0    0.466       0.000
130.0    0.466       0.000
135.0    0.466       0.000
140.0    0.466       0.000
145.0    0.466       0.000
150.0    0.466       0.000
155.0    0.466       0.000
160.0    0.466       0.000
165.0    0.466       0.000
170.0    0.466       0.000
175.0    0.466       0.000
180.0    0.466       0.000
185.0    0.466       0.002
190.0    0.466       0.290
195.0    0.466      26.139
200.0    0.466      50.209
205.0    0.466      70.860
210.0    0.466      86.688
215.0    0.466      96.613
220.0    0.466      99.962
225.0    0.466      96.505
230.0    0.466      86.478
235.0    0.466      70.563
240.0    0.466      49.845
245.0    0.466      25.735
250.0    0.466       0.157
255.0    0.466       0.000
260.0    0.466       0.000
265.0    0.466       0.000
270.0    0.466       0.000
275.0    0.466       0.000
280.0    0.466       0.000
285.0    0.466       0.000
290.0    0.466       0.000
295.0    0.466       0.000
300.0    0.466       0.000
  0.0    0.483       0.000
  5.0    0.483       0.000
 10.0    0.483       0.000
 15.0    0.483       0.000
 20.0    0.483       0.000
 25.0    0.483       0.000
 30.0    0.483       0.000
 35.0    0.483       0.000
 40.0    0.483       0.000
 45.0    0.483       0.000
 50.0    0.483       0.000
 55.0    0.483       0.000
 60.0    0.483       0.000
 65.0    0.483       0.000
 70.0    0.483       0.000
 75.0    0.483       0.000
 80.0    0.483       0.000
 85.0    0.483       0.000
 90.0    0.483       0.000
 95.0    0.483       0.000
100.0    0.483       0.000
105.0    0.483       0.000
110.0    0.483       0.000
115.0    0.483       0.000
120.0    0.483       0.000
125.0    0.483       0.000
130.0    0.483       0.000
135.0    0.483       0.000
140.0    0.483       0.000
145.0    0.483       0.000
150.0    0.483       0.000
155.0    0.483       0.000
160.0    0.483       0.000
165.0    0.483       0.000
170.0    0.483       0.000
175.0    0.483       0.000
180.0    0.483       0.000
185.0    0.483       0.000
190.0    0.483       0.002
195.0    0.483       0.300
200.0    0.483      26.149
205.0    0.483      50.217
210.0    0.483      70.867
215.0    0.483      86.692
220.0    0.483      96.615
225.0    0.483      99.960
230.0    0.483      96.501
235.0    0.483      86.471
240.0    0.483      70.555
245.0    0.483      49.835
250.0    0.483      25.724
255.0    0.483       0.157
260.0    0.483       0.000
265.0    0.483       0.000
270.0    0.483       0.000
275.0    0.483       0.000
280.0    0.483       0.000
285.0    0.483       0.000
290.0    0.483       0.000
295.0    0.483       0.000
300.0    0.483       0.000
  0.0    0.500       0.000
  5.0    0.500       0.000
 10.0    0.500       0.000
 15.0    0.500       0.000
 20.0    0.500       0.000
 25.0    0.500       0.000
 30.0    0.500       0.000
 35.0    0.500       0.000
 40.0    0.500       0.000
 45.0    0.500       0.000
 50.0    0.500       0.000
 55.0    0.500       0.000
 60.0    0.500       0.000
 65.0    0.500       0.000
 70.0    0.500       0.000
 75.0    0.500       0.000
 80.0    0.500       0.000
 85.0    0.500       0.000
 90.0    0.500       0.000
 95.0    0.500       0.000
100.0    0.500       0.000
105.0    0.500       0.000
110.0    0.500       0.000
115.0    0.500       0.000
120.0    0.500       0.000
125.0    0.500       0.000
130.0    0.500       0.000
135.0    0.500       0.000
140.0    0.500       0.000
145.0    0.500       0.000
150.0    0.500       0.000
155.0    0.500       0.000
160.0    0.500       0.000
165.0    0.500       0.000
170.0    0.500       0.000
175.0    0.500       0.000
180.0    0.500       0.000
185.0    0.500       0.000
190.0    0.500       0.000
195.0    0.500       0.002
200.0    0.500       0.310
205.0    0.500      26.158
210.0    0.500      50.225
215.0    0.500      70.873
220.0    0.500      86.696
225.0    0.500      96.616
230.0    0.500      99.959
235.0    0.500      96.497
240.0    0.500      86.465
245.0    0.500      70.547
250.0    0.500      49.826
255.0    0.500      25.714
260.0    0.500       0.157
265.0    0.500       0.000
270.0    0.500       0.000
275.0    0.500       0.000
280.0    0.500       0.000
285.0    0.500       0.000
290.0    0.500       0.000
295.0    0.500       0.000
300.0    0.500       0.000
