  0.0    0.000       0.000
  5.0    0.000       0.000
 10.0    0.000       0.000
 15.0    0.000       0.000
 20.0    0.000       0.000
 25.0    0.000       0.000
 30.0    0.000       0.000
 35.0    0.000       0.000
 40.0    0.000       0.000
 45.0    0.000       0.000
 50.0    0.000       0.000
 55.0    0.000      25.869
 60.0    0.000      49.977
 65.0    0.000      70.683
 70.0    0.000      86.576
 75.0    0.000      96.575
 80.0    0.000     100.000
 85.0    0.000      96.617
 90.0    0.000      86.656
 95.0    0.000      70.795
100.0    0.000      50.115
105.0    0.000      26.023
110.0    0.000       0.159
115.0    0.000       0.000
120.0    0.000       0.000
125.0    0.000       0.000
130.0    0.000       0.000
135.0    0.000       0.000
140.0    0.000       0.000
145.0    0.000       0.000
150.0    0.000       0.000
155.0    0.000       0.000
160.0    0.000       0.000
165.0    0.000       0.000
170.0    0.000       0.000
175.0    0.000       0.000
180.0    0.000       0.000
185.0    0.000       0.000
190.0    0.000       0.000
195.0    0.000       0.000
200.0    0.000       0.000
205.0    0.000       0.000
210.0    0.000       0.000
215.0    0.000       0.000
220.0    0.000       0.000
225.0    0.000       0.000
230.0    0.000       0.000
235.0    0.000       0.000
240.0    0.000       0.000
245.0    0.000       0.000
250.0    0.000       0.000
255.0    0.000       0.000
260.0    0.000       0.000
265.0    0.000       0.000
270.0    0.000       0.000
275.0    0.000       0.000
280.0    0.000       0.000
285.0    0.000       0.000
290.0    0.000       0.000
295.0    0.000       0.000
300.0    0.000       0.000
  0.0    0.020       0.000
  5.0    0.020       0.000
 10.0    0.020       0.000
 15.0    0.020       0.000
 20.0    0.020       0.000
 25.0    0.020       0.000
 30.0    0.020       0.000
 35.0    0.020       0.000
 40.0    0.020       0.000
 45.0    0.020       0.000
 50.0    0.020       0.000
 55.0    0.020      -5.174
 60.0    0.020      21.048
 65.0    0.020      45.836
 70.0    0.020      67.504
 75.0    0.020      84.576
 80.0    0.020      95.890
 85.0    0.020     100.677
 90.0    0.020      98.609
 95.0    0.020      89.828
100.0    0.020      74.931
105.0    0.020      54.933
110.0    0.020      31.196
115.0    0.020       0.191
120.0    0.020       0.000
125.0    0.020       0.000
130.0    0.020       0.000
135.0    0.020       0.000
140.0    0.020       0.000
145.0    0.020       0.000
150.0    0.020       0.000
155.0    0.020       0.000
160.0    0.020       0.000
165.0    0.020       0.000
170.0    0.020       0.000
175.0    0.020       0.000
180.0    0.020       0.000
185.0    0.020       0.000
190.0    0.020       0.000
195.0    0.020       0.000
200.0    0.020       0.000
205.0    0.020       0.000
210.0    0.020       0.000
215.0    0.020       0.000
220.0    0.020       0.000
225.0    0.020       0.000
230.0    0.020       0.000
235.0    0.020       0.000
240.0    0.020       0.000
245.0    0.020       0.000
250.0    0.020       0.000
255.0    0.020       0.000
260.0    0.020       0.000
265.0    0.020       0.000
270.0    0.020       0.000
275.0    0.020       0.000
280.0    0.020       0.000
285.0    0.020       0.000
290.0    0.020       0.000
295.0    0.020       0.000
300.0    0.020       0.000
  0.0    0.040       0.000
  5.0    0.040       0.000
 10.0    0.040       0.000
 15.0    0.040       0.000
 20.0    0.040       0.000
 25.0    0.040       0.000
 30.0    0.040       0.000
 35.0    0.040       0.000
 40.0    0.040       0.000
 45.0    0.040       0.000
 50.0    0.040       0.000
 55.0    0.040       1.035
 60.0    0.040     -10.418
 65.0    0.040      16.090
 70.0    0.040      41.502
 75.0    0.040      64.089
 80.0    0.040      82.313
 85.0    0.040      94.933
 90.0    0.040     101.090
 95.0    0.040     100.365
100.0    0.040      92.807
105.0    0.040      78.931
110.0    0.040      59.681
115.0    0.040      37.396
120.0    0.040       0.229
125.0    0.040       0.000
130.0    0.040       0.000
135.0    0.040       0.000
140.0    0.040       0.000
145.0    0.040       0.000
150.0    0.040       0.000
155.0    0.040       0.000
160.0    0.040       0.000
165.0    0.040       0.000
170.0    0.040       0.000
175.0    0.040       0.000
180.0    0.040       0.000
185.0    0.040       0.000
190.0    0.040       0.000
195.0    0.040       0.000
200.0    0.040       0.000
205.0    0.040       0.000
210.0    0.040       0.000
215.0    0.040       0.000
220.0    0.040       0.000
225.0    0.040       0.000
230.0    0.040       0.000
235.0    0.040       0.000
240.0    0.040       0.000
245.0    0.040       0.000
250.0    0.040       0.000
255.0    0.040       0.000
260.0    0.040       0.000
265.0    0.040       0.000
270.0    0.040       0.000
275.0    0.040       0.000
280.0    0.040       0.000
285.0    0.040       0.000
290.0    0.040       0.000
295.0    0.040       0.000
300.0    0.040       0.000
  0.0    0.060       0.000
  5.0    0.060       0.000
 10.0    0.060       0.000
 15.0    0.060       0.000
 20.0    0.060       0.000
 25.0    0.060       0.000
 30.0    0.060       0.000
 35.0    0.060       0.000
 40.0    0.060       0.000
 45.0    0.060       0.000
 50.0    0.060       0.000
 55.0    0.060      -0.207
 60.0    0.060       3.325
 65.0    0.060     -15.720
 70.0    0.060      11.007
 75.0    0.060      36.985
 80.0    0.060      60.445
 85.0    0.060      79.789
 90.0    0.060      93.702
 95.0    0.060     101.235
100.0    0.060     101.877
105.0    0.060      95.582
110.0    0.060      82.781
115.0    0.060      64.138
120.0    0.060      44.830
125.0    0.060       0.275
130.0    0.060       0.000
135.0    0.060       0.000
140.0    0.060       0.000
145.0    0.060       0.000
150.0    0.060       0.000
155.0    0.060       0.000
160.0    0.060       0.000
165.0    0.060       0.000
170.0    0.060       0.000
175.0    0.060       0.000
180.0    0.060       0.000
185.0    0.060       0.000
190.0    0.060       0.000
195.0    0.060       0.000
200.0    0.060       0.000
205.0    0.060       0.000
210.0    0.060       0.000
215.0    0.060       0.000
220.0    0.060       0.000
225.0    0.060       0.000
230.0    0.060       0.000
235.0    0.060       0.000
240.0    0.060       0.000
245.0    0.060       0.000
250.0    0.060       0.000
255.0    0.060       0.000
260.0    0.060       0.000
265.0    0.060       0.000
270.0    0.060       0.000
275.0    0.060       0.000
280.0    0.060       0.000
285.0    0.060       0.000
290.0    0.060       0.000
295.0    0.060       0.000
300.0    0.060       0.000
  0.0    0.080       0.000
  5.0    0.080       0.000
 10.0    0.080       0.000
 15.0    0.080       0.000
 20.0    0.080       0.000
 25.0    0.080       0.000
 30.0    0.080       0.000
 35.0    0.080       0.000
 40.0    0.080       0.000
 45.0    0.080       0.000
 50.0    0.080       0.000
 55.0    0.080       0.041
 60.0    0.080      -0.913
 65.0    0.080       7.134
 70.0    0.080     -21.065
 75.0    0.080       5.812
 80.0    0.080      32.293
 85.0    0.080      56.576
 90.0    0.080      77.007
 95.0    0.080      92.195
100.0    0.080     101.107
105.0    0.080     103.135
110.0    0.080      98.143
115.0    0.080      86.509
120.0    0.080      67.999
125.0    0.080      53.741
130.0    0.080       0.330
135.0    0.080       0.000
140.0    0.080       0.000
145.0    0.080       0.000
150.0    0.080       0.000
155.0    0.080       0.000
160.0    0.080       0.000
165.0    0.080       0.000
170.0    0.080       0.000
175.0    0.080       0.000
180.0    0.080       0.000
185.0    0.080       0.000
190.0    0.080       0.000
195.0    0.080       0.000
200.0    0.080       0.000
205.0    0.080       0.000
210.0    0.080       0.000
215.0    0.080       0.000
220.0    0.080       0.000
225.0    0.080       0.000
230.0    0.080       0.000
235.0    0.080       0.000
240.0    0.080       0.000
245.0    0.080       0.000
250.0    0.080       0.000
255.0    0.080       0.000
260.0    0.080       0.000
265.0    0.080       0.000
270.0    0.080       0.000
275.0    0.080       0.000
280.0    0.080       0.000
285.0    0.080       0.000
290.0    0.080       0.000
295.0    0.080       0.000
300.0    0.080       0.000
  0.0    0.100       0.000
  5.0    0.100       0.000
 10.0    0.100       0.000
 15.0    0.100       0.000
 20.0    0.100       0.000
 25.0    0.100       0.000
 30.0    0.100       0.000
 35.0    0.100       0.000
 40.0    0.100       0.000
 45.0    0.100       0.000
 50.0    0.100       0.000
 55.0    0.100      -0.008
 60.0    0.100       0.232
 65.0    0.100      -2.523
 70.0    0.100      12.774
 75.0    0.100     -26.440
 80.0    0.100       0.516
 85.0    0.100      27.436
 90.0    0.100      52.489
 95.0    0.100      73.969
100.0    0.100      90.413
105.0    0.100     100.701
110.0    0.100     104.134
115.0    0.100     100.469
120.0    0.100      90.211
125.0    0.100      70.851
130.0    0.100      64.423
135.0    0.100       0.396
140.0    0.100       0.000
145.0    0.100       0.000
150.0    0.100       0.000
155.0    0.100       0.000
160.0    0.100       0.000
165.0    0.100       0.000
170.0    0.100       0.000
175.0    0.100       0.000
180.0    0.100       0.000
185.0    0.100       0.000
190.0    0.100       0.000
195.0    0.100       0.000
200.0    0.100       0.000
205.0    0.100       0.000
210.0    0.100       0.000
215.0    0.100       0.000
220.0    0.100       0.000
225.0    0.100       0.000
230.0    0.100       0.000
235.0    0.100       0.000
240.0    0.100       0.000
245.0    0.100       0.000
250.0    0.100       0.000
255.0    0.100       0.000
260.0    0.100       0.000
265.0    0.100       0.000
270.0    0.100       0.000
275.0    0.100       0.000
280.0    0.100       0.000
285.0    0.100       0.000
290.0    0.100       0.000
295.0    0.100       0.000
300.0    0.100       0.000
  0.0    0.120       0.000
  5.0    0.120       0.000
 10.0    0.120       0.000
 15.0    0.120       0.000
 20.0    0.120       0.000
 25.0    0.120       0.000
 30.0    0.120       0.000
 35.0    0.120       0.000
 40.0    0.120       0.000
 45.0    0.120       0.000
 50.0    0.120       0.000
 55.0    0.120       0.002
 60.0    0.120      -0.056
 65.0    0.120       0.783
 70.0    0.120      -5.582
 75.0    0.120      20.617
 80.0    0.120     -31.832
 85.0    0.120      -4.869
 90.0    0.120      22.426
 95.0    0.120      48.194
100.0    0.120      70.680
105.0    0.120      88.355
110.0    0.120     100.015
115.0    0.120     104.867
120.0    0.120     102.521
125.0    0.120      94.083
130.0    0.120      72.137
135.0    0.120      77.228
140.0    0.120       0.476
145.0    0.120       0.000
150.0    0.120       0.000
155.0    0.120       0.000
160.0    0.120       0.000
165.0    0.120       0.000
170.0    0.120       0.000
175.0    0.120       0.000
180.0    0.120       0.000
185.0    0.120       0.000
190.0    0.120       0.000
195.0    0.120       0.000
200.0    0.120       0.000
205.0    0.120       0.000
210.0    0.120       0.000
215.0    0.120       0.000
220.0    0.120       0.000
225.0    0.120       0.000
230.0    0.120       0.000
235.0    0.120       0.000
240.0    0.120       0.000
245.0    0.120       0.000
250.0    0.120       0.000
255.0    0.120       0.000
260.0    0.120       0.000
265.0    0.120       0.000
270.0    0.120       0.000
275.0    0.120       0.000
280.0    0.120       0.000
285.0    0.120       0.000
290.0    0.120       0.000
295.0    0.120       0.000
300.0    0.120       0.000
  0.0    0.140       0.000
  5.0    0.140       0.000
 10.0    0.140       0.000
 15.0    0.140       0.000
 20.0    0.140       0.000
 25.0    0.140       0.000
 30.0    0.140       0.000
 35.0    0.140       0.000
 40.0    0.140       0.000
 45.0    0.140       0.000
 50.0    0.140       0.000
 55.0    0.140      -0.000
 60.0    0.140       0.013
 65.0    0.140      -0.224
 70.0    0.140       2.057
 75.0    0.140     -10.822
 80.0    0.140      31.107
 85.0    0.140     -37.224
 90.0    0.140     -10.328
 95.0    0.140      17.272
100.0    0.140      43.696
105.0    0.140      67.145
110.0    0.140      86.023
115.0    0.140      99.044
120.0    0.140     105.336
125.0    0.140     104.208
130.0    0.140      98.473
135.0    0.140      71.118
140.0    0.140      92.579
145.0    0.140       0.571
150.0    0.140       0.000
155.0    0.140       0.000
160.0    0.140       0.000
165.0    0.140       0.000
170.0    0.140       0.000
175.0    0.140       0.000
180.0    0.140       0.000
185.0    0.140       0.000
190.0    0.140       0.000
195.0    0.140       0.000
200.0    0.140       0.000
205.0    0.140       0.000
210.0    0.140       0.000
215.0    0.140       0.000
220.0    0.140       0.000
225.0    0.140       0.000
230.0    0.140       0.000
235.0    0.140       0.000
240.0    0.140       0.000
245.0    0.140       0.000
250.0    0.140       0.000
255.0    0.140       0.000
260.0    0.140       0.000
265.0    0.140       0.000
270.0    0.140       0.000
275.0    0.140       0.000
280.0    0.140       0.000
285.0    0.140       0.000
290.0    0.140       0.000
295.0    0.140       0.000
300.0    0.140       0.000
  0.0    0.160       0.000
  5.0    0.160       0.000
 10.0    0.160       0.000
 15.0    0.160       0.000
 20.0    0.160       0.000
 25.0    0.160       0.000
 30.0    0.160       0.000
 35.0    0.160       0.000
 40.0    0.160       0.000
 45.0    0.160       0.000
 50.0    0.160       0.000
 55.0    0.160       0.000
 60.0    0.160      -0.003
 65.0    0.160       0.061
 70.0    0.160      -0.681
 75.0    0.160       4.632
 80.0    0.160     -19.208
 85.0    0.160      44.773
 90.0    0.160     -42.604
 95.0    0.160     -15.847
100.0    0.160      11.988
105.0    0.160      39.006
110.0    0.160      63.370
115.0    0.160      83.419
120.0    0.160      97.786
125.0    0.160     105.562
130.0    0.160     105.355
135.0    0.160     103.944
140.0    0.160      66.826
145.0    0.160     110.981
150.0    0.160       0.685
155.0    0.160       0.000
160.0    0.160       0.000
165.0    0.160       0.000
170.0    0.160       0.000
175.0    0.160       0.000
180.0    0.160       0.000
185.0    0.160       0.000
190.0    0.160       0.000
195.0    0.160       0.000
200.0    0.160       0.000
205.0    0.160       0.000
210.0    0.160       0.000
215.0    0.160       0.000
220.0    0.160       0.000
225.0    0.160       0.000
230.0    0.160       0.000
235.0    0.160       0.000
240.0    0.160       0.000
245.0    0.160       0.000
250.0    0.160       0.000
255.0    0.160       0.000
260.0    0.160       0.000
265.0    0.160       0.000
270.0    0.160       0.000
275.0    0.160       0.000
280.0    0.160       0.000
285.0    0.160       0.000
290.0    0.160       0.000
295.0    0.160       0.000
300.0    0.160       0.000
  0.0    0.180       0.000
  5.0    0.180       0.000
 10.0    0.180       0.000
 15.0    0.180       0.000
 20.0    0.180       0.000
 25.0    0.180       0.000
 30.0    0.180       0.000
 35.0    0.180       0.000
 40.0    0.180       0.000
 45.0    0.180       0.000
 50.0    0.180       0.000
 55.0    0.180      -0.000
 60.0    0.180       0.001
 65.0    0.180      -0.016
 70.0    0.180       0.209
 75.0    0.180      -1.743
 80.0    0.180       9.400
 85.0    0.180     -32.004
 90.0    0.180      62.248
 95.0    0.180     -47.955
100.0    0.180     -21.415
105.0    0.180       6.584
110.0    0.180      34.134
115.0    0.180      59.360
120.0    0.180      80.546
125.0    0.180      96.231
130.0    0.180     105.603
135.0    0.180     105.638
140.0    0.180     111.367
145.0    0.180      57.995
150.0    0.180     133.040
155.0    0.180       0.822
160.0    0.180       0.000
165.0    0.180       0.000
170.0    0.180       0.000
175.0    0.180       0.000
180.0    0.180       0.000
185.0    0.180       0.000
190.0    0.180       0.000
195.0    0.180       0.000
200.0    0.180       0.000
205.0    0.180       0.000
210.0    0.180       0.000
215.0    0.180       0.000
220.0    0.180       0.000
225.0    0.180       0.000
230.0    0.180       0.000
235.0    0.180       0.000
240.0    0.180       0.000
245.0    0.180       0.000
250.0    0.180       0.000
255.0    0.180       0.000
260.0    0.180       0.000
265.0    0.180       0.000
270.0    0.180       0.000
275.0    0.180       0.000
280.0    0.180       0.000
285.0    0.180       0.000
290.0    0.180       0.000
295.0    0.180       0.000
300.0    0.180       0.000
  0.0    0.200       0.000
  5.0    0.200       0.000
 10.0    0.200       0.000
 15.0    0.200       0.000
 20.0    0.200       0.000
 25.0    0.200       0.000
 30.0    0.200       0.000
 35.0    0.200       0.000
 40.0    0.200       0.000
 45.0    0.200       0.000
 50.0    0.200       0.000
 55.0    0.200       0.000
 60.0    0.200      -0.000
 65.0    0.200       0.004
 70.0    0.200      -0.061
 75.0    0.200       0.600
 80.0    0.200      -3.972
 85.0    0.200      17.681
 90.0    0.200     -50.855
 95.0    0.200      84.289
100.0    0.200     -53.263
105.0    0.200     -27.014
110.0    0.200       1.074
115.0    0.200      29.088
120.0    0.200      55.123
125.0    0.200      77.409
130.0    0.200      94.356
135.0    0.200     105.596
140.0    0.200     104.492
145.0    0.200     122.041
150.0    0.200      42.986
155.0    0.200     159.483
160.0    0.200       0.986
165.0    0.200       0.000
170.0    0.200       0.000
175.0    0.200       0.000
180.0    0.200       0.000
185.0    0.200       0.000
190.0    0.200       0.000
195.0    0.200       0.000
200.0    0.200       0.000
205.0    0.200       0.000
210.0    0.200       0.000
215.0    0.200       0.000
220.0    0.200       0.000
225.0    0.200       0.000
230.0    0.200       0.000
235.0    0.200       0.000
240.0    0.200       0.000
245.0    0.200       0.000
250.0    0.200       0.000
255.0    0.200       0.000
260.0    0.200       0.000
265.0    0.200       0.000
270.0    0.200       0.000
275.0    0.200       0.000
280.0    0.200       0.000
285.0    0.200       0.000
290.0    0.200       0.000
295.0    0.200       0.000
300.0    0.200       0.000
  0.0    0.220       0.000
  5.0    0.220       0.000
 10.0    0.220       0.000
 15.0    0.220       0.000
 20.0    0.220       0.000
 25.0    0.220       0.000
 30.0    0.220       0.000
 35.0    0.220       0.000
 40.0    0.220       0.000
 45.0    0.220       0.000
 50.0    0.220       0.000
 55.0    0.220      -0.000
 60.0    0.220       0.000
 65.0    0.220      -0.001
 70.0    0.220       0.017
 75.0    0.220      -0.193
 80.0    0.220       1.514
 85.0    0.220      -8.303
 90.0    0.220      31.389
 95.0    0.220     -77.884
100.0    0.220     111.800
105.0    0.220     -58.513
110.0    0.220     -32.632
115.0    0.220      -4.529
120.0    0.220      23.882
125.0    0.220      50.666
130.0    0.220      74.019
135.0    0.220      92.108
140.0    0.220     105.817
145.0    0.220     100.982
150.0    0.220     137.852
155.0    0.220      19.687
160.0    0.220     191.183
165.0    0.220       1.183
170.0    0.220       0.000
175.0    0.220       0.000
180.0    0.220       0.000
185.0    0.220       0.000
190.0    0.220       0.000
195.0    0.220       0.000
200.0    0.220       0.000
205.0    0.220       0.000
210.0    0.220       0.000
215.0    0.220       0.000
220.0    0.220       0.000
225.0    0.220       0.000
230.0    0.220       0.000
235.0    0.220       0.000
240.0    0.220       0.000
245.0    0.220       0.000
250.0    0.220       0.000
255.0    0.220       0.000
260.0    0.220       0.000
265.0    0.220       0.000
270.0    0.220       0.000
275.0    0.220       0.000
280.0    0.220       0.000
285.0    0.220       0.000
290.0    0.220       0.000
295.0    0.220       0.000
300.0    0.220       0.000
  0.0    0.240       0.000
  5.0    0.240       0.000
 10.0    0.240       0.000
 15.0    0.240       0.000
 20.0    0.240       0.000
 25.0    0.240       0.000
 30.0    0.240       0.000
 35.0    0.240       0.000
 40.0    0.240       0.000
 45.0    0.240       0.000
 50.0    0.240       0.000
 55.0    0.240       0.000
 60.0    0.240      -0.000
 65.0    0.240       0.000
 70.0    0.240      -0.005
 75.0    0.240       0.059
 80.0    0.240      -0.534
 85.0    0.240       3.477
 90.0    0.240     -16.241
 95.0    0.240      53.243
100.0    0.240    -115.820
105.0    0.240     145.862
110.0    0.240     -63.689
115.0    0.240     -38.252
120.0    0.240     -10.211
125.0    0.240      18.525
130.0    0.240      45.995
135.0    0.240      70.401
140.0    0.240      89.366
145.0    0.240     106.784
150.0    0.240      93.608
155.0    0.240     161.486
160.0    0.240     -14.612
165.0    0.240     229.183
170.0    0.240       1.420
175.0    0.240       0.000
180.0    0.240       0.000
185.0    0.240       0.000
190.0    0.240       0.000
195.0    0.240       0.000
200.0    0.240       0.000
205.0    0.240       0.000
210.0    0.240       0.000
215.0    0.240       0.000
220.0    0.240       0.000
225.0    0.240       0.000
230.0    0.240       0.000
235.0    0.240       0.000
240.0    0.240       0.000
245.0    0.240       0.000
250.0    0.240       0.000
255.0    0.240       0.000
260.0    0.240       0.000
265.0    0.240       0.000
270.0    0.240       0.000
275.0    0.240       0.000
280.0    0.240       0.000
285.0    0.240       0.000
290.0    0.240       0.000
295.0    0.240       0.000
300.0    0.240       0.000
  0.0    0.260       0.000
  5.0    0.260       0.000
 10.0    0.260       0.000
 15.0    0.260       0.000
 20.0    0.260       0.000
 25.0    0.260       0.000
 30.0    0.260       0.000
 35.0    0.260       0.000
 40.0    0.260       0.000
 45.0    0.260       0.000
 50.0    0.260       0.000
 55.0    0.260      -0.000
 60.0    0.260       0.000
 65.0    0.260      -0.000
 70.0    0.260       0.001
 75.0    0.260      -0.017
 80.0    0.260       0.178
 85.0    0.260      -1.336
 90.0    0.260       7.421
 95.0    0.260     -30.138
100.0    0.260      87.056
105.0    0.260    -168.157
110.0    0.260     187.772
115.0    0.260     -68.776
120.0    0.260     -43.860
125.0    0.260     -15.958
130.0    0.260      13.031
135.0    0.260      41.114
140.0    0.260      66.608
145.0    0.260      85.883
150.0    0.260     109.419
155.0    0.260      80.033
160.0    0.260     196.705
165.0    0.260     -63.372
170.0    0.260     274.735
175.0    0.260       1.704
180.0    0.260       0.000
185.0    0.260       0.000
190.0    0.260       0.000
195.0    0.260       0.000
200.0    0.260       0.000
205.0    0.260       0.000
210.0    0.260       0.000
215.0    0.260       0.000
220.0    0.260       0.000
225.0    0.260       0.000
230.0    0.260       0.000
235.0    0.260       0.000
240.0    0.260       0.000
245.0    0.260       0.000
250.0    0.260       0.000
255.0    0.260       0.000
260.0    0.260       0.000
265.0    0.260       0.000
270.0    0.260       0.000
275.0    0.260       0.000
280.0    0.260       0.000
285.0    0.260       0.000
290.0    0.260       0.000
295.0    0.260       0.000
300.0    0.260       0.000
  0.0    0.280       0.000
  5.0    0.280       0.000
 10.0    0.280       0.000
 15.0    0.280       0.000
 20.0    0.280       0.000
 25.0    0.280       0.000
 30.0    0.280       0.000
 35.0    0.280       0.000
 40.0    0.280       0.000
 45.0    0.280       0.000
 50.0    0.280       0.000
 55.0    0.280       0.000
 60.0    0.280      -0.000
 65.0    0.280       0.000
 70.0    0.280      -0.000
 75.0    0.280       0.005
 80.0    0.280      -0.056
 85.0    0.280       0.480
 90.0    0.280      -3.088
 95.0    0.280      14.932
100.0    0.280     -53.576
105.0    0.280     138.099
110.0    0.280    -239.343
115.0    0.280     239.082
120.0    0.280     -73.759
125.0    0.280     -49.441
130.0    0.280     -21.756
135.0    0.280       7.414
140.0    0.280      36.015
145.0    0.280      62.753
150.0    0.280      81.175
155.0    0.280     115.297
160.0    0.280      56.698
165.0    0.280     248.721
170.0    0.280    -130.993
175.0    0.280     329.342
180.0    0.280       2.045
185.0    0.280       0.000
190.0    0.280       0.000
195.0    0.280       0.000
200.0    0.280       0.000
205.0    0.280       0.000
210.0    0.280       0.000
215.0    0.280       0.000
220.0    0.280       0.000
225.0    0.280       0.000
230.0    0.280       0.000
235.0    0.280       0.000
240.0    0.280       0.000
245.0    0.280       0.000
250.0    0.280       0.000
255.0    0.280       0.000
260.0    0.280       0.000
265.0    0.280       0.000
270.0    0.280       0.000
275.0    0.280       0.000
280.0    0.280       0.000
285.0    0.280       0.000
290.0    0.280       0.000
295.0    0.280       0.000
300.0    0.280       0.000
  0.0    0.300       0.000
  5.0    0.300       0.000
 10.0    0.300       0.000
 15.0    0.300       0.000
 20.0    0.300       0.000
 25.0    0.300       0.000
 30.0    0.300       0.000
 35.0    0.300       0.000
 40.0    0.300       0.000
 45.0    0.300       0.000
 50.0    0.300       0.000
 55.0    0.300      -0.000
 60.0    0.300       0.000
 65.0    0.300      -0.000
 70.0    0.300       0.000
 75.0    0.300      -0.001
 80.0    0.300       0.017
 85.0    0.300      -0.164
 90.0    0.300       1.194
 95.0    0.300      -6.692
100.0    0.300      28.634
105.0    0.300     -91.911
110.0    0.300     213.587
115.0    0.300    -335.028
120.0    0.300     301.650
125.0    0.300     -78.623
130.0    0.300     -54.978
135.0    0.300     -27.590
140.0    0.300       1.694
145.0    0.300      30.667
150.0    0.300      59.069
155.0    0.300      74.351
160.0    0.300     127.016
165.0    0.300      18.293
170.0    0.300     324.663
175.0    0.300    -223.060
180.0    0.300     394.801
185.0    0.300       2.454
190.0    0.300       0.000
195.0    0.300       0.000
200.0    0.300       0.000
205.0    0.300       0.000
210.0    0.300       0.000
215.0    0.300       0.000
220.0    0.300       0.000
225.0    0.300       0.000
230.0    0.300       0.000
235.0    0.300       0.000
240.0    0.300       0.000
245.0    0.300       0.000
250.0    0.300       0.000
255.0    0.300       0.000
260.0    0.300       0.000
265.0    0.300       0.000
270.0    0.300       0.000
275.0    0.300       0.000
280.0    0.300       0.000
285.0    0.300       0.000
290.0    0.300       0.000
295.0    0.300       0.000
300.0    0.300       0.000
  0.0    0.320       0.000
  5.0    0.320       0.000
 10.0    0.320       0.000
 15.0    0.320       0.000
 20.0    0.320       0.000
 25.0    0.320       0.000
 30.0    0.320       0.000
 35.0    0.320       0.000
 40.0    0.320       0.000
 45.0    0.320       0.000
 50.0    0.320       0.000
 55.0    0.320       0.000
 60.0    0.320      -0.000
 65.0    0.320       0.000
 70.0    0.320      -0.000
 75.0    0.320       0.000
 80.0    0.320      -0.005
 85.0    0.320       0.053
 90.0    0.320      -0.435
 95.0    0.320       2.771
100.0    0.320     -13.757
105.0    0.320      52.743
110.0    0.320    -153.011
115.0    0.320     323.310
120.0    0.320    -462.363
125.0    0.320     377.705
130.0    0.320     -83.352
135.0    0.320     -60.455
140.0    0.320     -33.447
145.0    0.320      -4.101
150.0    0.320      24.987
155.0    0.320      56.012
160.0    0.320      63.818
165.0    0.320     148.761
170.0    0.320     -42.981
175.0    0.320     434.208
180.0    0.320    -346.632
185.0    0.320     473.271
190.0    0.320       2.944
195.0    0.320       0.000
200.0    0.320       0.000
205.0    0.320       0.000
210.0    0.320       0.000
215.0    0.320       0.000
220.0    0.320       0.000
225.0    0.320       0.000
230.0    0.320       0.000
235.0    0.320       0.000
240.0    0.320       0.000
245.0    0.320       0.000
250.0    0.320       0.000
255.0    0.320       0.000
260.0    0.320       0.000
265.0    0.320       0.000
270.0    0.320       0.000
275.0    0.320       0.000
280.0    0.320       0.000
285.0    0.320       0.000
290.0    0.320       0.000
295.0    0.320       0.000
300.0    0.320       0.000
  0.0    0.340       0.000
  5.0    0.340       0.000
 10.0    0.340       0.000
 15.0    0.340       0.000
 20.0    0.340       0.000
 25.0    0.340       0.000
 30.0    0.340       0.000
 35.0    0.340       0.000
 40.0    0.340       0.000
 45.0    0.340       0.000
 50.0    0.340       0.000
 55.0    0.340      -0.000
 60.0    0.340       0.000
 65.0    0.340      -0.000
 70.0    0.340       0.000
 75.0    0.340      -0.000
 80.0    0.340       0.001
 85.0    0.340      -0.017
 90.0    0.340       0.151
 95.0    0.340      -1.076
100.0    0.340       6.077
105.0    0.340     -27.057
110.0    0.340      93.894
115.0    0.340    -248.275
120.0    0.340     480.444
125.0    0.340    -630.377
130.0    0.340     469.916
135.0    0.340     -87.931
140.0    0.340     -65.857
145.0    0.340     -39.317
150.0    0.340      -9.918
155.0    0.340      18.782
160.0    0.340      54.451
165.0    0.340      46.830
170.0    0.340     187.109
175.0    0.340    -138.418
180.0    0.340     590.376
185.0    0.340    -510.613
190.0    0.340     567.336
195.0    0.340       3.533
200.0    0.340       0.000
205.0    0.340       0.000
210.0    0.340       0.000
215.0    0.340       0.000
220.0    0.340       0.000
225.0    0.340       0.000
230.0    0.340       0.000
235.0    0.340       0.000
240.0    0.340       0.000
245.0    0.340       0.000
250.0    0.340       0.000
255.0    0.340       0.000
260.0    0.340       0.000
265.0    0.340       0.000
270.0    0.340       0.000
275.0    0.340       0.000
280.0    0.340       0.000
285.0    0.340       0.000
290.0    0.340       0.000
295.0    0.340       0.000
300.0    0.340       0.000
  0.0    0.360       0.000
  5.0    0.360       0.000
 10.0    0.360       0.000
 15.0    0.360       0.000
 20.0    0.360       0.000
 25.0    0.360       0.000
 30.0    0.360       0.000
 35.0    0.360       0.000
 40.0    0.360       0.000
 45.0    0.360       0.000
 50.0    0.360       0.000
 55.0    0.360       0.000
 60.0    0.360      -0.000
 65.0    0.360       0.000
 70.0    0.360      -0.000
 75.0    0.360       0.000
 80.0    0.360      -0.000
 85.0    0.360       0.005
 90.0    0.360      -0.050
 95.0    0.360       0.396
100.0    0.360      -2.507
105.0    0.360      12.703
110.0    0.360     -51.247
115.0    0.360     162.328
120.0    0.360    -394.019
125.0    0.360     702.609
130.0    0.360    -850.435
135.0    0.360     581.485
140.0    0.360     -92.346
145.0    0.360     -71.165
150.0    0.360     -45.196
155.0    0.360     -15.658
160.0    0.360      11.648
165.0    0.360      55.975
170.0    0.360      18.774
175.0    0.360     252.215
180.0    0.360    -284.177
185.0    0.360     810.574
190.0    0.360    -726.202
195.0    0.360     680.096
200.0    0.360       4.240
205.0    0.360       0.000
210.0    0.360       0.000
215.0    0.360       0.000
220.0    0.360       0.000
225.0    0.360       0.000
230.0    0.360       0.000
235.0    0.360       0.000
240.0    0.360       0.000
245.0    0.360       0.000
250.0    0.360       0.000
255.0    0.360       0.000
260.0    0.360       0.000
265.0    0.360       0.000
270.0    0.360       0.000
275.0    0.360       0.000
280.0    0.360       0.000
285.0    0.360       0.000
290.0    0.360       0.000
295.0    0.360       0.000
300.0    0.360       0.000
  0.0    0.380       0.000
  5.0    0.380       0.000
 10.0    0.380       0.000
 15.0    0.380       0.000
 20.0    0.380       0.000
 25.0    0.380       0.000
 30.0    0.380       0.000
 35.0    0.380       0.000
 40.0    0.380       0.000
 45.0    0.380       0.000
 50.0    0.380       0.000
 55.0    0.380      -0.000
 60.0    0.380       0.000
 65.0    0.380      -0.000
 70.0    0.380       0.000
 75.0    0.380      -0.000
 80.0    0.380       0.000
 85.0    0.380      -0.001
 90.0    0.380       0.016
 95.0    0.380      -0.140
100.0    0.380       0.977
105.0    0.380      -5.549
110.0    0.380      25.494
115.0    0.380     -93.962
120.0    0.380     273.597
125.0    0.380    -613.345
130.0    0.380    1013.218
135.0    0.380   -1136.820
140.0    0.380     716.252
145.0    0.380     -96.582
150.0    0.380     -76.359
155.0    0.380     -51.104
160.0    0.380     -21.120
165.0    0.380       2.783
170.0    0.380      63.416
175.0    0.380     -27.914
180.0    0.380     359.493
185.0    0.380    -503.127
190.0    0.380    1117.929
195.0    0.380   -1007.462
200.0    0.380     815.268
205.0    0.380       5.088
210.0    0.380       0.000
215.0    0.380       0.000
220.0    0.380       0.000
225.0    0.380       0.000
230.0    0.380       0.000
235.0    0.380       0.000
240.0    0.380       0.000
245.0    0.380       0.000
250.0    0.380       0.000
255.0    0.380       0.000
260.0    0.380       0.000
265.0    0.380       0.000
270.0    0.380       0.000
275.0    0.380       0.000
280.0    0.380       0.000
285.0    0.380       0.000
290.0    0.380       0.000
295.0    0.380       0.000
300.0    0.380       0.000
  0.0    0.400       0.000
  5.0    0.400       0.000
 10.0    0.400       0.000
 15.0    0.400       0.000
 20.0    0.400       0.000
 25.0    0.400       0.000
 30.0    0.400       0.000
 35.0    0.400       0.000
 40.0    0.400       0.000
 45.0    0.400       0.000
 50.0    0.400       0.000
 55.0    0.400       0.000
 60.0    0.400      -0.000
 65.0    0.400       0.000
 70.0    0.400      -0.000
 75.0    0.400       0.000
 80.0    0.400      -0.000
 85.0    0.400       0.000
 90.0    0.400      -0.005
 95.0    0.400       0.047
100.0    0.400      -0.363
105.0    0.400       2.282
110.0    0.400     -11.757
115.0    0.400      49.385
120.0    0.400    -167.474
125.0    0.400     450.985
130.0    0.400    -938.657
135.0    0.400    1443.225
140.0    0.400   -1507.434
145.0    0.400     878.818
150.0    0.400    -100.627
155.0    0.400     -81.410
160.0    0.400     -57.101
165.0    0.400     -25.900
170.0    0.400      -9.344
175.0    0.400      81.682
180.0    0.400    -105.396
185.0    0.400     532.017
190.0    0.400    -827.339
195.0    0.400    1543.008
200.0    0.400   -1372.008
205.0    0.400     977.304
210.0    0.400       6.105
215.0    0.400       0.000
220.0    0.400       0.000
225.0    0.400       0.000
230.0    0.400       0.000
235.0    0.400       0.000
240.0    0.400       0.000
245.0    0.400       0.000
250.0    0.400       0.000
255.0    0.400       0.000
260.0    0.400       0.000
265.0    0.400       0.000
270.0    0.400       0.000
275.0    0.400       0.000
280.0    0.400       0.000
285.0    0.400       0.000
290.0    0.400       0.000
295.0    0.400       0.000
300.0    0.400       0.000
  0.0    0.420       0.000
  5.0    0.420       0.000
 10.0    0.420       0.000
 15.0    0.420       0.000
 20.0    0.420       0.000
 25.0    0.420       0.000
 30.0    0.420       0.000
 35.0    0.420       0.000
 40.0    0.420       0.000
 45.0    0.420       0.000
 50.0    0.420       0.000
 55.0    0.420      -0.000
 60.0    0.420       0.000
 65.0    0.420      -0.000
 70.0    0.420       0.000
 75.0    0.420      -0.000
 80.0    0.420       0.000
 85.0    0.420      -0.000
 90.0    0.420       0.002
 95.0    0.420      -0.015
100.0    0.420       0.129
105.0    0.420      -0.892
110.0    0.420       5.090
115.0    0.420     -23.986
120.0    0.420      92.757
125.0    0.420    -291.166
130.0    0.420     728.914
135.0    0.420   -1415.034
140.0    0.420    2033.357
145.0    0.420   -1984.684
150.0    0.420    1074.708
155.0    0.420    -104.470
160.0    0.420     -86.272
165.0    0.420     -63.341
170.0    0.420     -29.211
175.0    0.420     -27.549
180.0    0.420     119.097
185.0    0.420    -232.879
190.0    0.420     803.889
195.0    0.420   -1301.408
200.0    0.420    2126.011
205.0    0.420   -1841.871
210.0    0.420    1171.543
215.0    0.420       7.327
220.0    0.420       0.000
225.0    0.420       0.000
230.0    0.420       0.000
235.0    0.420       0.000
240.0    0.420       0.000
245.0    0.420       0.000
250.0    0.420       0.000
255.0    0.420       0.000
260.0    0.420       0.000
265.0    0.420       0.000
270.0    0.420       0.000
275.0    0.420       0.000
280.0    0.420       0.000
285.0    0.420       0.000
290.0    0.420       0.000
295.0    0.420       0.000
300.0    0.420       0.000
  0.0    0.440       0.000
  5.0    0.440       0.000
 10.0    0.440       0.000
 15.0    0.440       0.000
 20.0    0.440       0.000
 25.0    0.440       0.000
 30.0    0.440       0.000
 35.0    0.440       0.000
 40.0    0.440       0.000
 45.0    0.440       0.000
 50.0    0.440       0.000
 55.0    0.440       0.000
 60.0    0.440      -0.000
 65.0    0.440       0.000
 70.0    0.440      -0.000
 75.0    0.440       0.000
 80.0    0.440      -0.000
 85.0    0.440       0.000
 90.0    0.440      -0.000
 95.0    0.440       0.005
100.0    0.440      -0.044
105.0    0.440       0.333
110.0    0.440      -2.088
115.0    0.440      10.905
120.0    0.440     -47.334
125.0    0.440     169.541
130.0    0.440    -495.182
135.0    0.440    1157.703
140.0    0.440   -2104.712
145.0    0.440    2836.966
150.0    0.440   -2596.563
155.0    0.440    1310.543
160.0    0.440    -108.110
165.0    0.440     -90.858
170.0    0.440     -70.167
175.0    0.440     -29.544
180.0    0.440     -56.879
185.0    0.440     189.492
190.0    0.440    -440.232
195.0    0.440    1224.948
200.0    0.440   -1986.892
205.0    0.440    2919.588
210.0    0.440   -2444.554
215.0    0.440    1404.387
220.0    0.440       8.792
225.0    0.440       0.000
230.0    0.440       0.000
235.0    0.440       0.000
240.0    0.440       0.000
245.0    0.440       0.000
250.0    0.440       0.000
255.0    0.440       0.000
260.0    0.440       0.000
265.0    0.440       0.000
270.0    0.440       0.000
275.0    0.440       0.000
280.0    0.440       0.000
285.0    0.440       0.000
290.0    0.440       0.000
295.0    0.440       0.000
300.0    0.440       0.000
  0.0    0.460       0.000
  5.0    0.460       0.000
 10.0    0.460       0.000
 15.0    0.460       0.000
 20.0    0.460       0.000
 25.0    0.460       0.000
 30.0    0.460       0.000
 35.0    0.460       0.000
 40.0    0.460       0.000
 45.0    0.460       0.000
 50.0    0.460       0.000
 55.0    0.460      -0.000
 60.0    0.460       0.000
 65.0    0.460      -0.000
 70.0    0.460       0.000
 75.0    0.460      -0.000
 80.0    0.460       0.000
 85.0    0.460      -0.000
 90.0    0.460       0.000
 95.0    0.460      -0.002
100.0    0.460       0.015
105.0    0.460      -0.120
110.0    0.460       0.818
115.0    0.460      -4.687
120.0    0.460      22.553
125.0    0.460     -90.709
130.0    0.460     302.486
135.0    0.460    -825.759
140.0    0.460    1810.186
145.0    0.460   -3093.048
150.0    0.460    3923.672
155.0    0.460   -3377.984
160.0    0.460    1594.274
165.0    0.460    -111.561
170.0    0.460     -94.996
175.0    0.460     -78.291
180.0    0.460     -24.077
185.0    0.460    -106.153
190.0    0.460     315.437
195.0    0.460    -773.269
200.0    0.460    1867.316
205.0    0.460   -2968.188
210.0    0.460    3992.416
215.0    0.460   -3214.343
220.0    0.460    1683.506
225.0    0.460      10.550
230.0    0.460       0.000
235.0    0.460       0.000
240.0    0.460       0.000
245.0    0.460       0.000
250.0    0.460       0.000
255.0    0.460       0.000
260.0    0.460       0.000
265.0    0.460       0.000
270.0    0.460       0.000
275.0    0.460       0.000
280.0    0.460       0.000
285.0    0.460       0.000
290.0    0.460       0.000
295.0    0.460       0.000
300.0    0.460       0.000
  0.0    0.480       0.000
  5.0    0.480       0.000
 10.0    0.480       0.000
 15.0    0.480       0.000
 20.0    0.480       0.000
 25.0    0.480       0.000
 30.0    0.480       0.000
 35.0    0.480       0.000
 40.0    0.480       0.000
 45.0    0.480       0.000
 50.0    0.480       0.000
 55.0    0.480       0.000
 60.0    0.480      -0.000
 65.0    0.480       0.000
 70.0    0.480      -0.000
 75.0    0.480       0.000
 80.0    0.480      -0.000
 85.0    0.480       0.000
 90.0    0.480      -0.000
 95.0    0.480       0.000
100.0    0.480      -0.005
105.0    0.480       0.042
110.0    0.480      -0.308
115.0    0.480       1.919
120.0    0.480     -10.135
125.0    0.480      45.206
130.0    0.480    -169.349
135.0    0.480     528.135
140.0    0.480   -1352.948
145.0    0.480    2790.833
150.0    0.480   -4496.393
155.0    0.480    5384.004
160.0    0.480   -4372.436
165.0    0.480    1935.441
170.0    0.480    -114.874
175.0    0.480     -98.337
180.0    0.480     -89.134
185.0    0.480      -7.661
190.0    0.480    -190.471
195.0    0.480     533.178
200.0    0.480   -1301.386
205.0    0.480    2834.417
210.0    0.480   -4360.310
215.0    0.480    5433.769
220.0    0.480   -4193.913
225.0    0.480    2018.097
230.0    0.480      12.660
235.0    0.480       0.000
240.0    0.480       0.000
245.0    0.480       0.000
250.0    0.480       0.000
255.0    0.480       0.000
260.0    0.480       0.000
265.0    0.480       0.000
270.0    0.480       0.000
275.0    0.480       0.000
280.0    0.480       0.000
285.0    0.480       0.000
290.0    0.480       0.000
295.0    0.480       0.000
300.0    0.480       0.000
  0.0    0.500       0.000
  5.0    0.500       0.000
 10.0    0.500       0.000
 15.0    0.500       0.000
 20.0    0.500       0.000
 25.0    0.500       0.000
 30.0    0.500       0.000
 35.0    0.500       0.000
 40.0    0.500       0.000
 45.0    0.500       0.000
 50.0    0.500       0.000
 55.0    0.500      -0.000
 60.0    0.500       0.000
 65.0    0.500      -0.000
 70.0    0.500       0.000
 75.0    0.500      -0.000
 80.0    0.500       0.000
 85.0    0.500      -0.000
 90.0    0.500       0.000
 95.0    0.500      -0.000
100.0    0.500       0.002
105.0    0.500      -0.014
110.0    0.500       0.112
115.0    0.500      -0.753
120.0    0.500       4.330
125.0    0.500     -21.203
130.0    0.500      88.117
135.0    0.500    -308.845
140.0    0.500     904.351
145.0    0.500   -2181.704
150.0    0.500    4248.279
155.0    0.500   -6472.473
160.0    0.500    7335.292
165.0    0.500   -5634.012
170.0    0.500    2345.504
175.0    0.500    -118.181
180.0    0.500    -100.177
185.0    0.500    -105.429
190.0    0.500      28.901
195.0    0.500    -335.201
200.0    0.500     900.091
205.0    0.500   -2128.546
210.0    0.500    4273.362
215.0    0.500   -6319.126
220.0    0.500    7359.306
225.0    0.500   -5436.315
230.0    0.500    2419.184
235.0    0.500      15.192
240.0    0.500       0.000
245.0    0.500       0.000
250.0    0.500       0.000
255.0    0.500       0.000
260.0    0.500       0.000
265.0    0.500       0.000
270.0    0.500       0.000
275.0    0.500       0.000
280.0    0.500       0.000
285.0    0.500       0.000
290.0    0.500       0.000
295.0    0.500       0.000
300.0    0.500       0.000
