  0.0    0.000                 0.000
  5.0    0.000                 0.000
 10.0    0.000                 0.000
 15.0    0.000                 0.000
 20.0    0.000                 0.000
 25.0    0.000                 0.000
 30.0    0.000                 0.000
 35.0    0.000                 0.000
 40.0    0.000                 0.000
 45.0    0.000                 0.000
 50.0    0.000                 0.000
 55.0    0.000                25.869
 60.0    0.000                49.977
 65.0    0.000                70.683
 70.0    0.000                86.576
 75.0    0.000                96.575
 80.0    0.000               100.000
 85.0    0.000                96.617
 90.0    0.000                86.656
 95.0    0.000                70.795
100.0    0.000                50.115
105.0    0.000                26.023
110.0    0.000                 0.159
115.0    0.000                 0.000
120.0    0.000                 0.000
125.0    0.000                 0.000
130.0    0.000                 0.000
135.0    0.000                 0.000
140.0    0.000                 0.000
145.0    0.000                 0.000
150.0    0.000                 0.000
155.0    0.000                 0.000
160.0    0.000                 0.000
165.0    0.000                 0.000
170.0    0.000                 0.000
175.0    0.000                 0.000
180.0    0.000                 0.000
185.0    0.000                 0.000
190.0    0.000                 0.000
195.0    0.000                 0.000
200.0    0.000                 0.000
205.0    0.000                 0.000
210.0    0.000                 0.000
215.0    0.000                 0.000
220.0    0.000                 0.000
225.0    0.000                 0.000
230.0    0.000                 0.000
235.0    0.000                 0.000
240.0    0.000                 0.000
245.0    0.000                 0.000
250.0    0.000                 0.000
255.0    0.000                 0.000
260.0    0.000                 0.000
265.0    0.000                 0.000
270.0    0.000                 0.000
275.0    0.000                 0.000
280.0    0.000                 0.000
285.0    0.000                 0.000
290.0    0.000                 0.000
295.0    0.000                 0.000
300.0    0.000                 0.000
  0.0    0.017                 0.000
  5.0    0.017                 0.000
 10.0    0.017                 0.000
 15.0    0.017                 0.000
 20.0    0.017                 0.000
 25.0    0.017                 0.000
 30.0    0.017                 0.000
 35.0    0.017                 0.000
 40.0    0.017                 0.000
 45.0    0.017                 0.000
 50.0    0.017                25.859
 55.0    0.017                75.826
 60.0    0.017                94.773
 65.0    0.017               107.267
 70.0    0.017               112.458
 75.0    0.017               109.994
 80.0    0.017               100.041
 85.0    0.017                83.278
 90.0    0.017                60.844
 95.0    0.017                34.269
100.0    0.017                 5.361
105.0    0.017               -23.913
110.0    0.017               -25.853
115.0    0.017                -0.159
120.0    0.017                 0.000
125.0    0.017                 0.000
130.0    0.017                 0.000
135.0    0.017                 0.000
140.0    0.017                 0.000
145.0    0.017                 0.000
150.0    0.017                 0.000
155.0    0.017                 0.000
160.0    0.017                 0.000
165.0    0.017                 0.000
170.0    0.017                 0.000
175.0    0.017                 0.000
180.0    0.017                 0.000
185.0    0.017                 0.000
190.0    0.017                 0.000
195.0    0.017                 0.000
200.0    0.017                 0.000
205.0    0.017                 0.000
210.0    0.017                 0.000
215.0    0.017                 0.000
220.0    0.017                 0.000
225.0    0.017                 0.000
230.0    0.017                 0.000
235.0    0.017                 0.000
240.0    0.017                 0.000
245.0    0.017                 0.000
250.0    0.017                 0.000
255.0    0.017                 0.000
260.0    0.017                 0.000
265.0    0.017                 0.000
270.0    0.017                 0.000
275.0    0.017                 0.000
280.0    0.017                 0.000
285.0    0.017                 0.000
290.0    0.017                 0.000
295.0    0.017                 0.000
300.0    0.017                 0.000
  0.0    0.033                 0.000
  5.0    0.033                 0.000
 10.0    0.033                 0.000
 15.0    0.033                 0.000
 20.0    0.033                 0.000
 25.0    0.033                 0.000
 30.0    0.033                 0.000
 35.0    0.033                 0.000
 40.0    0.033                 0.000
 45.0    0.033                25.848
 50.0    0.033               101.655
 55.0    0.033               144.712
 60.0    0.033               126.201
 65.0    0.033               124.946
 70.0    0.033               115.185
 75.0    0.033                97.582
 80.0    0.033                73.335
 85.0    0.033                44.096
 90.0    0.033                11.856
 95.0    0.033               -21.193
100.0    0.033               -52.798
105.0    0.033               -55.114
110.0    0.033                -2.109
115.0    0.033                25.684
120.0    0.033                 0.159
125.0    0.033                 0.000
130.0    0.033                 0.000
135.0    0.033                 0.000
140.0    0.033                 0.000
145.0    0.033                 0.000
150.0    0.033                 0.000
155.0    0.033                 0.000
160.0    0.033                 0.000
165.0    0.033                 0.000
170.0    0.033                 0.000
175.0    0.033                 0.000
180.0    0.033                 0.000
185.0    0.033                 0.000
190.0    0.033                 0.000
195.0    0.033                 0.000
200.0    0.033                 0.000
205.0    0.033                 0.000
210.0    0.033                 0.000
215.0    0.033                 0.000
220.0    0.033                 0.000
225.0    0.033                 0.000
230.0    0.033                 0.000
235.0    0.033                 0.000
240.0    0.033                 0.000
245.0    0.033                 0.000
250.0    0.033                 0.000
255.0    0.033                 0.000
260.0    0.033                 0.000
265.0    0.033                 0.000
270.0    0.033                 0.000
275.0    0.033                 0.000
280.0    0.033                 0.000
285.0    0.033                 0.000
290.0    0.033                 0.000
295.0    0.033                 0.000
300.0    0.033                 0.000
  0.0    0.050                 0.000
  5.0    0.050                 0.000
 10.0    0.050                 0.000
 15.0    0.050                 0.000
 20.0    0.050                 0.000
 25.0    0.050                 0.000
 30.0    0.050                 0.000
 35.0    0.050                 0.000
 40.0    0.050                25.838
 45.0    0.050               127.462
 50.0    0.050               220.471
 55.0    0.050               169.249
 60.0    0.050               106.442
 65.0    0.050               113.934
 70.0    0.050                87.831
 75.0    0.050                55.749
 80.0    0.050                19.872
 85.0    0.050               -17.359
 90.0    0.050               -53.407
 95.0    0.050               -85.820
100.0    0.050               -86.706
105.0    0.050                -4.446
110.0    0.050                78.656
115.0    0.050                27.951
120.0    0.050               -25.514
125.0    0.050                -0.159
130.0    0.050                 0.000
135.0    0.050                 0.000
140.0    0.050                 0.000
145.0    0.050                 0.000
150.0    0.050                 0.000
155.0    0.050                 0.000
160.0    0.050                 0.000
165.0    0.050                 0.000
170.0    0.050                 0.000
175.0    0.050                 0.000
180.0    0.050                 0.000
185.0    0.050                 0.000
190.0    0.050                 0.000
195.0    0.050                 0.000
200.0    0.050                 0.000
205.0    0.050                 0.000
210.0    0.050                 0.000
215.0    0.050                 0.000
220.0    0.050                 0.000
225.0    0.050                 0.000
230.0    0.050                 0.000
235.0    0.050                 0.000
240.0    0.050                 0.000
245.0    0.050                 0.000
250.0    0.050                 0.000
255.0    0.050                 0.000
260.0    0.050                 0.000
265.0    0.050                 0.000
270.0    0.050                 0.000
275.0    0.050                 0.000
280.0    0.050                 0.000
285.0    0.050                 0.000
290.0    0.050                 0.000
295.0    0.050                 0.000
300.0    0.050                 0.000
  0.0    0.067                 0.000
  5.0    0.067                 0.000
 10.0    0.067                 0.000
 15.0    0.067                 0.000
 20.0    0.067                 0.000
 25.0    0.067                 0.000
 30.0    0.067                 0.000
 35.0    0.067                25.828
 40.0    0.067               153.249
 45.0    0.067               322.017
 50.0    0.067               262.241
 55.0    0.067                55.265
 60.0    0.067                51.150
 65.0    0.067                95.331
 70.0    0.067                29.670
 75.0    0.067               -12.183
 80.0    0.067               -53.207
 85.0    0.067               -90.609
 90.0    0.067              -121.841
 95.0    0.067              -119.105
100.0    0.067                -5.364
105.0    0.067               160.851
110.0    0.067               111.040
115.0    0.067               -76.178
120.0    0.067               -53.613
125.0    0.067                25.345
130.0    0.067                 0.159
135.0    0.067                 0.000
140.0    0.067                 0.000
145.0    0.067                 0.000
150.0    0.067                 0.000
155.0    0.067                 0.000
160.0    0.067                 0.000
165.0    0.067                 0.000
170.0    0.067                 0.000
175.0    0.067                 0.000
180.0    0.067                 0.000
185.0    0.067                 0.000
190.0    0.067                 0.000
195.0    0.067                 0.000
200.0    0.067                 0.000
205.0    0.067                 0.000
210.0    0.067                 0.000
215.0    0.067                 0.000
220.0    0.067                 0.000
225.0    0.067                 0.000
230.0    0.067                 0.000
235.0    0.067                 0.000
240.0    0.067                 0.000
245.0    0.067                 0.000
250.0    0.067                 0.000
255.0    0.067                 0.000
260.0    0.067                 0.000
265.0    0.067                 0.000
270.0    0.067                 0.000
275.0    0.067                 0.000
280.0    0.067                 0.000
285.0    0.067                 0.000
290.0    0.067                 0.000
295.0    0.067                 0.000
300.0    0.067                 0.000
  0.0    0.083                 0.000
  5.0    0.083                 0.000
 10.0    0.083                 0.000
 15.0    0.083                 0.000
 20.0    0.083                 0.000
 25.0    0.083                 0.000
 30.0    0.083                25.817
 35.0    0.083               179.016
 40.0    0.083               449.320
 45.0    0.083               430.965
 50.0    0.083                -4.404
 55.0    0.083              -155.741
 60.0    0.083                91.199
 65.0    0.083                73.860
 70.0    0.083               -77.801
 75.0    0.083               -95.027
 80.0    0.083              -131.601
 85.0    0.083              -159.215
 90.0    0.083              -150.327
 95.0    0.083                -2.674
100.0    0.083               274.480
105.0    0.083               277.208
110.0    0.083              -125.894
115.0    0.083              -240.765
120.0    0.083                47.869
125.0    0.083                79.096
130.0    0.083               -25.176
135.0    0.083                -0.159
140.0    0.083                 0.000
145.0    0.083                 0.000
150.0    0.083                 0.000
155.0    0.083                 0.000
160.0    0.083                 0.000
165.0    0.083                 0.000
170.0    0.083                 0.000
175.0    0.083                 0.000
180.0    0.083                 0.000
185.0    0.083                 0.000
190.0    0.083                 0.000
195.0    0.083                 0.000
200.0    0.083                 0.000
205.0    0.083                 0.000
210.0    0.083                 0.000
215.0    0.083                 0.000
220.0    0.083                 0.000
225.0    0.083                 0.000
230.0    0.083                 0.000
235.0    0.083                 0.000
240.0    0.083                 0.000
245.0    0.083                 0.000
250.0    0.083                 0.000
255.0    0.083                 0.000
260.0    0.083                 0.000
265.0    0.083                 0.000
270.0    0.083                 0.000
275.0    0.083                 0.000
280.0    0.083                 0.000
285.0    0.083                 0.000
290.0    0.083                 0.000
295.0    0.083                 0.000
300.0    0.083                 0.000
  0.0    0.100                 0.000
  5.0    0.100                 0.000
 10.0    0.100                 0.000
 15.0    0.100                 0.000
 20.0    0.100                 0.000
 25.0    0.100                25.807
 30.0    0.100               204.761
 35.0    0.100               602.349
 40.0    0.100               701.169
 45.0    0.100               -22.578
 50.0    0.100              -590.876
 55.0    0.100               -60.176
 60.0    0.100               320.708
 65.0    0.100               -95.073
 70.0    0.100              -246.620
 75.0    0.100              -148.805
 80.0    0.100              -195.764
 85.0    0.100              -177.934
 90.0    0.100                 6.152
 95.0    0.100               421.963
100.0    0.100               554.250
105.0    0.100              -123.006
110.0    0.100              -643.659
115.0    0.100               -67.072
120.0    0.100               367.602
125.0    0.100                 6.080
130.0    0.100              -104.399
135.0    0.100                25.007
140.0    0.100                 0.159
145.0    0.100                 0.000
150.0    0.100                 0.000
155.0    0.100                 0.000
160.0    0.100                 0.000
165.0    0.100                 0.000
170.0    0.100                 0.000
175.0    0.100                 0.000
180.0    0.100                 0.000
185.0    0.100                 0.000
190.0    0.100                 0.000
195.0    0.100                 0.000
200.0    0.100                 0.000
205.0    0.100                 0.000
210.0    0.100                 0.000
215.0    0.100                 0.000
220.0    0.100                 0.000
225.0    0.100                 0.000
230.0    0.100                 0.000
235.0    0.100                 0.000
240.0    0.100                 0.000
245.0    0.100                 0.000
250.0    0.100                 0.000
255.0    0.100                 0.000
260.0    0.100                 0.000
265.0    0.100                 0.000
270.0    0.100                 0.000
275.0    0.100                 0.000
280.0    0.100                 0.000
285.0    0.100                 0.000
290.0    0.100                 0.000
295.0    0.100                 0.000
300.0    0.100                 0.000
  0.0    0.117                 0.000
  5.0    0.117                 0.000
 10.0    0.117                 0.000
 15.0    0.117                 0.000
 20.0    0.117                25.797
 25.0    0.117               230.487
 30.0    0.117               781.073
 35.0    0.117              1098.558
 40.0    0.117                76.491
 45.0    0.117             -1314.106
 50.0    0.117              -628.458
 55.0    0.117               851.043
 60.0    0.117               285.825
 65.0    0.117              -662.174
 70.0    0.117              -300.331
 75.0    0.117               -97.969
 80.0    0.117              -224.881
 85.0    0.117                23.900
 90.0    0.117               605.808
 95.0    0.117               969.842
100.0    0.117                 9.500
105.0    0.117             -1320.436
110.0    0.117              -587.748
115.0    0.117               943.785
120.0    0.117               440.724
125.0    0.117              -465.732
130.0    0.117               -85.479
135.0    0.117               129.523
140.0    0.117               -24.838
145.0    0.117                -0.159
150.0    0.117                 0.000
155.0    0.117                 0.000
160.0    0.117                 0.000
165.0    0.117                 0.000
170.0    0.117                 0.000
175.0    0.117                 0.000
180.0    0.117                 0.000
185.0    0.117                 0.000
190.0    0.117                 0.000
195.0    0.117                 0.000
200.0    0.117                 0.000
205.0    0.117                 0.000
210.0    0.117                 0.000
215.0    0.117                 0.000
220.0    0.117                 0.000
225.0    0.117                 0.000
230.0    0.117                 0.000
235.0    0.117                 0.000
240.0    0.117                 0.000
245.0    0.117                 0.000
250.0    0.117                 0.000
255.0    0.117                 0.000
260.0    0.117                 0.000
265.0    0.117                 0.000
270.0    0.117                 0.000
275.0    0.117                 0.000
280.0    0.117                 0.000
285.0    0.117                 0.000
290.0    0.117                 0.000
295.0    0.117                 0.000
300.0    0.117                 0.000
  0.0    0.133                 0.000
  5.0    0.133                 0.000
 10.0    0.133                 0.000
 15.0    0.133                25.786
 20.0    0.133               256.191
 25.0    0.133               985.461
 30.0    0.133              1648.797
 35.0    0.133               394.258
 40.0    0.133             -2335.207
 45.0    0.133             -2018.773
 50.0    0.133              1535.824
 55.0    0.133              1764.961
 60.0    0.133             -1226.787
 65.0    0.133             -1248.096
 70.0    0.133               263.649
 75.0    0.133               -22.548
 80.0    0.133              -103.060
 85.0    0.133               854.257
 90.0    0.133              1551.371
 95.0    0.133               373.772
100.0    0.133             -2279.862
105.0    0.133             -1917.445
110.0    0.133              1675.568
115.0    0.133              1971.845
120.0    0.133              -968.229
125.0    0.133              -991.725
130.0    0.133               509.537
135.0    0.133               190.139
140.0    0.133              -154.467
145.0    0.133                24.669
150.0    0.133                 0.159
155.0    0.133                 0.000
160.0    0.133                 0.000
165.0    0.133                 0.000
170.0    0.133                 0.000
175.0    0.133                 0.000
180.0    0.133                 0.000
185.0    0.133                 0.000
190.0    0.133                 0.000
195.0    0.133                 0.000
200.0    0.133                 0.000
205.0    0.133                 0.000
210.0    0.133                 0.000
215.0    0.133                 0.000
220.0    0.133                 0.000
225.0    0.133                 0.000
230.0    0.133                 0.000
235.0    0.133                 0.000
240.0    0.133                 0.000
245.0    0.133                 0.000
250.0    0.133                 0.000
255.0    0.133                 0.000
260.0    0.133                 0.000
265.0    0.133                 0.000
270.0    0.133                 0.000
275.0    0.133                 0.000
280.0    0.133                 0.000
285.0    0.133                 0.000
290.0    0.133                 0.000
295.0    0.133                 0.000
300.0    0.133                 0.000
  0.0    0.150                 0.000
  5.0    0.150                 0.000
 10.0    0.150                25.776
 15.0    0.150               281.875
 20.0    0.150              1215.481
 25.0    0.150              2377.509
 30.0    0.150              1057.831
 35.0    0.150             -3588.152
 40.0    0.150             -4747.273
 45.0    0.150              1850.709
 50.0    0.150              5318.044
 55.0    0.150              -996.546
 60.0    0.150             -4238.638
 65.0    0.150               241.744
 70.0    0.150              1488.706
 75.0    0.150              -389.111
 80.0    0.150               773.394
 85.0    0.150              2508.027
 90.0    0.150              1071.079
 95.0    0.150             -3455.929
100.0    0.150             -4570.162
105.0    0.150              2036.403
110.0    0.150              5563.302
115.0    0.150              -670.894
120.0    0.150             -3930.614
125.0    0.150               485.451
130.0    0.150              1690.929
135.0    0.150              -473.600
140.0    0.150              -319.871
145.0    0.150               179.234
150.0    0.150               -24.501
155.0    0.150                -0.159
160.0    0.150                 0.000
165.0    0.150                 0.000
170.0    0.150                 0.000
175.0    0.150                 0.000
180.0    0.150                 0.000
185.0    0.150                 0.000
190.0    0.150                 0.000
195.0    0.150                 0.000
200.0    0.150                 0.000
205.0    0.150                 0.000
210.0    0.150                 0.000
215.0    0.150                 0.000
220.0    0.150                 0.000
225.0    0.150                 0.000
230.0    0.150                 0.000
235.0    0.150                 0.000
240.0    0.150                 0.000
245.0    0.150                 0.000
250.0    0.150                 0.000
255.0    0.150                 0.000
260.0    0.150                 0.000
265.0    0.150                 0.000
270.0    0.150                 0.000
275.0    0.150                 0.000
280.0    0.150                 0.000
285.0    0.150                 0.000
290.0    0.150                 0.000
295.0    0.150                 0.000
300.0    0.150                 0.000
  0.0    0.167                 0.000
  5.0    0.167                25.766
 10.0    0.167               307.538
 15.0    0.167              1471.104
 20.0    0.167              3310.277
 25.0    0.167              2219.922
 30.0    0.167             -4905.444
 35.0    0.167             -9390.935
 40.0    0.167               689.413
 45.0    0.167             11912.002
 50.0    0.167              2471.929
 55.0    0.167            -10549.405
 60.0    0.167             -3000.844
 65.0    0.167              5966.797
 70.0    0.167               858.104
 75.0    0.167             -1104.137
 80.0    0.167              3669.373
 85.0    0.167              2805.593
 90.0    0.167             -4890.491
 95.0    0.167             -9094.913
100.0    0.167               919.973
105.0    0.167             12165.814
110.0    0.167              2857.087
115.0    0.167            -10161.013
120.0    0.167             -2774.731
125.0    0.167              6104.744
130.0    0.167               732.262
135.0    0.167             -2483.596
140.0    0.167               332.701
145.0    0.167               474.486
150.0    0.167              -203.821
155.0    0.167                24.332
160.0    0.167                 0.159
165.0    0.167                 0.000
170.0    0.167                 0.000
175.0    0.167                 0.000
180.0    0.167                 0.000
185.0    0.167                 0.000
190.0    0.167                 0.000
195.0    0.167                 0.000
200.0    0.167                 0.000
205.0    0.167                 0.000
210.0    0.167                 0.000
215.0    0.167                 0.000
220.0    0.167                 0.000
225.0    0.167                 0.000
230.0    0.167                 0.000
235.0    0.167                 0.000
240.0    0.167                 0.000
245.0    0.167                 0.000
250.0    0.167                 0.000
255.0    0.167                 0.000
260.0    0.167                 0.000
265.0    0.167                 0.000
270.0    0.167                 0.000
275.0    0.167                 0.000
280.0    0.167                 0.000
285.0    0.167                 0.000
290.0    0.167                 0.000
295.0    0.167                 0.000
300.0    0.167                 0.000
  0.0    0.183                 0.000
  5.0    0.183               333.181
 10.0    0.183              1752.299
 15.0    0.183              4472.642
 20.0    0.183              4058.795
 25.0    0.183             -5992.513
 30.0    0.183            -16511.656
 35.0    0.183             -3798.316
 40.0    0.183             21983.826
 45.0    0.183             13693.805
 50.0    0.183            -19980.492
 55.0    0.183            -16019.988
 60.0    0.183             13508.752
 65.0    0.183              9824.201
 70.0    0.183             -6210.001
 75.0    0.183              1706.007
 80.0    0.183              7577.538
 85.0    0.183             -5750.847
 90.0    0.183            -16786.236
 95.0    0.183             -3286.774
100.0    0.183             22172.193
105.0    0.183             14102.154
110.0    0.183            -19460.809
115.0    0.183            -15790.578
120.0    0.183             13484.518
125.0    0.183              9610.334
130.0    0.183             -7852.643
135.0    0.183             -2882.997
140.0    0.183              3289.600
145.0    0.183               -61.821
150.0    0.183              -653.795
155.0    0.183               228.230
160.0    0.183               -24.164
165.0    0.183                -0.159
170.0    0.183                 0.000
175.0    0.183                 0.000
180.0    0.183                 0.000
185.0    0.183                 0.000
190.0    0.183                 0.000
195.0    0.183                 0.000
200.0    0.183                 0.000
205.0    0.183                 0.000
210.0    0.183                 0.000
215.0    0.183                 0.000
220.0    0.183                 0.000
225.0    0.183                 0.000
230.0    0.183                 0.000
235.0    0.183                 0.000
240.0    0.183                 0.000
245.0    0.183                 0.000
250.0    0.183                 0.000
255.0    0.183                 0.000
260.0    0.183                 0.000
265.0    0.183                 0.000
270.0    0.183                 0.000
275.0    0.183                 0.000
280.0    0.183                 0.000
285.0    0.183                 0.000
290.0    0.183                 0.000
295.0    0.183                 0.000
300.0    0.183                 0.000
  0.0    0.200                 0.000
  5.0    0.200              2084.779
 10.0    0.200              5890.104
 15.0    0.200              6778.215
 20.0    0.200             -6402.173
 25.0    0.200            -26554.734
 30.0    0.200            -14318.338
 35.0    0.200             34681.766
 40.0    0.200             39468.949
 45.0    0.200            -28253.727
 50.0    0.200            -49682.398
 55.0    0.200             17455.855
 60.0    0.200             39342.602
 65.0    0.200             -9886.664
 70.0    0.200            -14324.947
 75.0    0.200             15488.030
 80.0    0.200               123.668
 85.0    0.200            -30104.871
 90.0    0.200            -14323.149
 95.0    0.200             35656.070
100.0    0.200             39554.164
105.0    0.200            -27514.189
110.0    0.200            -49341.582
115.0    0.200             17141.570
120.0    0.200             38875.266
125.0    0.200            -11718.289
130.0    0.200            -20340.977
135.0    0.200              8254.787
140.0    0.200              6109.647
145.0    0.200             -4003.638
150.0    0.200              -363.860
155.0    0.200               857.610
160.0    0.200              -252.461
165.0    0.200                23.996
170.0    0.200                 0.158
175.0    0.200                 0.000
180.0    0.200                 0.000
185.0    0.200                 0.000
190.0    0.200                 0.000
195.0    0.200                 0.000
200.0    0.200                 0.000
205.0    0.200                 0.000
210.0    0.200                 0.000
215.0    0.200                 0.000
220.0    0.200                 0.000
225.0    0.200                 0.000
230.0    0.200                 0.000
235.0    0.200                 0.000
240.0    0.200                 0.000
245.0    0.200                 0.000
250.0    0.200                 0.000
255.0    0.200                 0.000
260.0    0.200                 0.000
265.0    0.200                 0.000
270.0    0.200                 0.000
275.0    0.200                 0.000
280.0    0.200                 0.000
285.0    0.200                 0.000
290.0    0.200                 0.000
295.0    0.200                 0.000
300.0    0.200                 0.000
  0.0    0.217                 0.000
  5.0    0.217              7972.526
 10.0    0.217             10581.662
 15.0    0.217             -5509.143
 20.0    0.217            -39721.785
 25.0    0.217            -34467.734
 30.0    0.217             46893.664
 35.0    0.217             88447.531
 40.0    0.217            -23441.363
 45.0    0.217           -117369.406
 50.0    0.217             -3991.102
 55.0    0.217            106445.234
 60.0    0.217             12011.021
 65.0    0.217            -63532.742
 70.0    0.217             11039.596
 75.0    0.217             29930.865
 80.0    0.217            -45450.996
 85.0    0.217            -44545.910
 90.0    0.217             51411.477
 95.0    0.217             89511.828
100.0    0.217            -23590.820
105.0    0.217           -116374.375
110.0    0.217             -4703.691
115.0    0.217            105323.125
120.0    0.217             10026.951
125.0    0.217            -70910.844
130.0    0.217              -375.891
135.0    0.217             34694.828
140.0    0.217             -6143.875
145.0    0.217            -10474.555
150.0    0.217              4495.443
155.0    0.217               968.964
160.0    0.217             -1085.742
165.0    0.217               276.514
170.0    0.217               -23.827
175.0    0.217                -0.158
180.0    0.217                 0.000
185.0    0.217                 0.000
190.0    0.217                 0.000
195.0    0.217                 0.000
200.0    0.217                 0.000
205.0    0.217                 0.000
210.0    0.217                 0.000
215.0    0.217                 0.000
220.0    0.217                 0.000
225.0    0.217                 0.000
230.0    0.217                 0.000
235.0    0.217                 0.000
240.0    0.217                 0.000
245.0    0.217                 0.000
250.0    0.217                 0.000
255.0    0.217                 0.000
260.0    0.217                 0.000
265.0    0.217                 0.000
270.0    0.217                 0.000
275.0    0.217                 0.000
280.0    0.217                 0.000
285.0    0.217                 0.000
290.0    0.217                 0.000
295.0    0.217                 0.000
300.0    0.217                 0.000
  0.0    0.233                 0.000
  5.0    0.233             18549.955
 10.0    0.233             -2894.613
 15.0    0.233            -55792.465
 20.0    0.233            -68668.789
 25.0    0.233             52113.070
 30.0    0.233            169759.750
 35.0    0.233             18140.641
 40.0    0.233           -229175.953
 45.0    0.233            -97926.922
 50.0    0.233            219734.000
 55.0    0.233            122440.953
 60.0    0.233           -157898.953
 65.0    0.233            -64503.781
 70.0    0.233            104465.812
 75.0    0.233            -26537.127
 80.0    0.233           -119897.969
 85.0    0.233             52277.809
 90.0    0.233            185415.594
 95.0    0.233             14539.539
100.0    0.233           -229394.656
105.0    0.233            -97494.805
110.0    0.233            216905.125
115.0    0.233            120047.875
120.0    0.233           -166136.516
125.0    0.233            -81309.523
130.0    0.233            105187.531
135.0    0.233             28929.152
140.0    0.233            -51295.188
145.0    0.233               160.507
150.0    0.233             15934.384
155.0    0.233             -4609.989
160.0    0.233             -1777.915
165.0    0.233              1338.004
170.0    0.233              -300.389
175.0    0.233                23.660
180.0    0.233                 0.158
185.0    0.233                 0.000
190.0    0.233                 0.000
195.0    0.233                 0.000
200.0    0.233                 0.000
205.0    0.233                 0.000
210.0    0.233                 0.000
215.0    0.233                 0.000
220.0    0.233                 0.000
225.0    0.233                 0.000
230.0    0.233                 0.000
235.0    0.233                 0.000
240.0    0.233                 0.000
245.0    0.233                 0.000
250.0    0.233                 0.000
255.0    0.233                 0.000
260.0    0.233                 0.000
265.0    0.233                 0.000
270.0    0.233                 0.000
275.0    0.233                 0.000
280.0    0.233                 0.000
285.0    0.233                 0.000
290.0    0.233                 0.000
295.0    0.233                 0.000
300.0    0.233                 0.000
  0.0    0.250                 0.000
  5.0    0.250             15656.500
 10.0    0.250            -77207.297
 15.0    0.250           -121540.328
 20.0    0.250             39193.570
 25.0    0.250            290446.219
 30.0    0.250            135800.906
 35.0    0.250           -380635.438
 40.0    0.250           -345197.062
 45.0    0.250            350803.438
 50.0    0.250            440013.719
 55.0    0.250           -255040.891
 60.0    0.250           -344768.875
 65.0    0.250            197756.000
 70.0    0.250            142417.281
 75.0    0.250           -250811.141
 80.0    0.250            -41114.562
 85.0    0.250            357469.219
 90.0    0.250            147692.422
 95.0    0.250           -400104.781
100.0    0.250           -341384.188
105.0    0.250            348626.406
110.0    0.250            434360.781
115.0    0.250           -262840.500
120.0    0.250           -367413.375
125.0    0.250            189905.969
130.0    0.250            215382.094
135.0    0.250           -127490.953
140.0    0.250            -80052.320
145.0    0.250             67363.180
150.0    0.250             11165.797
155.0    0.250            -22315.201
160.0    0.250              4167.698
165.0    0.250              2814.938
170.0    0.250             -1614.208
175.0    0.250               324.087
180.0    0.250               -23.492
185.0    0.250                -0.158
190.0    0.250                 0.000
195.0    0.250                 0.000
200.0    0.250                 0.000
205.0    0.250                 0.000
210.0    0.250                 0.000
215.0    0.250                 0.000
220.0    0.250                 0.000
225.0    0.250                 0.000
230.0    0.250                 0.000
235.0    0.250                 0.000
240.0    0.250                 0.000
245.0    0.250                 0.000
250.0    0.250                 0.000
255.0    0.250                 0.000
260.0    0.250                 0.000
265.0    0.250                 0.000
270.0    0.250                 0.000
275.0    0.250                 0.000
280.0    0.250                 0.000
285.0    0.250                 0.000
290.0    0.250                 0.000
295.0    0.250                 0.000
300.0    0.250                 0.000
  0.0    0.267                 0.000
  5.0    0.267            -61519.906
 10.0    0.267           -214349.234
 15.0    0.267             -5186.031
 20.0    0.267            451015.312
 25.0    0.267            387014.906
 30.0    0.267           -535012.250
 35.0    0.267           -861441.000
 40.0    0.267            385949.188
 45.0    0.267           1135700.000
 50.0    0.267           -165588.219
 55.0    0.267          -1039509.562
 60.0    0.267            107846.844
 65.0    0.267            684747.250
 70.0    0.267           -305970.375
 75.0    0.267           -434269.562
 80.0    0.267            566922.438
 85.0    0.267            546200.688
 90.0    0.267           -609578.500
 95.0    0.267           -888985.750
100.0    0.267            407047.438
105.0    0.267           1124061.000
110.0    0.267           -176861.469
115.0    0.267          -1064293.875
120.0    0.267             85151.969
125.0    0.267            772468.250
130.0    0.267           -101887.875
135.0    0.267           -422807.188
140.0    0.267            114723.852
145.0    0.267            158544.812
150.0    0.267            -78476.711
155.0    0.267            -29310.500
160.0    0.267             29287.781
165.0    0.267             -2964.655
170.0    0.267             -4104.062
175.0    0.267              1914.167
180.0    0.267              -347.607
185.0    0.267                23.324
190.0    0.267                 0.158
195.0    0.267                 0.000
200.0    0.267                 0.000
205.0    0.267                 0.000
210.0    0.267                 0.000
215.0    0.267                 0.000
220.0    0.267                 0.000
225.0    0.267                 0.000
230.0    0.267                 0.000
235.0    0.267                 0.000
240.0    0.267                 0.000
245.0    0.267                 0.000
250.0    0.267                 0.000
255.0    0.267                 0.000
260.0    0.267                 0.000
265.0    0.267                 0.000
270.0    0.267                 0.000
275.0    0.267                 0.000
280.0    0.267                 0.000
285.0    0.267                 0.000
290.0    0.267                 0.000
295.0    0.267                 0.000
300.0    0.267                 0.000
  0.0    0.283                 0.000
  5.0    0.283           -275783.375
 10.0    0.283           -158037.906
 15.0    0.283            659912.375
 20.0    0.283            843059.375
 25.0    0.283           -598618.125
 30.0    0.283          -1782968.625
 35.0    0.283             59152.000
 40.0    0.283           2382291.250
 45.0    0.283            584383.250
 50.0    0.283          -2339927.500
 55.0    0.283           -766183.875
 60.0    0.283           1831413.750
 65.0    0.283            271095.594
 70.0    0.283          -1424539.500
 75.0    0.283            438274.062
 80.0    0.283           1547000.500
 85.0    0.283           -629829.688
 90.0    0.283          -2044190.875
 95.0    0.283            127233.500
100.0    0.283           2419288.750
105.0    0.283            540385.750
110.0    0.283          -2364341.000
115.0    0.283           -802385.250
120.0    0.283           1921179.250
125.0    0.283            585503.250
130.0    0.283          -1296685.125
135.0    0.283           -206282.125
140.0    0.283            695843.312
145.0    0.283            -34578.453
150.0    0.283           -266256.875
155.0    0.283             78410.883
160.0    0.283             55623.086
165.0    0.283            -36343.141
170.0    0.283               772.808
175.0    0.283              5669.119
180.0    0.283             -2237.694
185.0    0.283               370.950
190.0    0.283               -23.156
195.0    0.283                -0.158
200.0    0.283                 0.000
205.0    0.283                 0.000
210.0    0.283                 0.000
215.0    0.283                 0.000
220.0    0.283                 0.000
225.0    0.283                 0.000
230.0    0.283                 0.000
235.0    0.283                 0.000
240.0    0.283                 0.000
245.0    0.283                 0.000
250.0    0.283                 0.000
255.0    0.283                 0.000
260.0    0.283                 0.000
265.0    0.283                 0.000
270.0    0.283                 0.000
275.0    0.283                 0.000
280.0    0.283                 0.000
285.0    0.283                 0.000
290.0    0.283                 0.000
295.0    0.283                 0.000
300.0    0.283                 0.000
  0.0    0.300                 0.000
  5.0    0.300           -433758.062
 10.0    0.300            777283.500
 15.0    0.300           1660609.125
 20.0    0.300           -414967.625
 25.0    0.300          -3223595.500
 30.0    0.300          -1125461.625
 35.0    0.300           4222745.500
 40.0    0.300           2907312.500
 45.0    0.300          -4135946.750
 50.0    0.300          -3689954.250
 55.0    0.300           3403488.500
 60.0    0.300           2868278.250
 65.0    0.300          -2983555.250
 70.0    0.300          -1257427.875
 75.0    0.300           3408625.250
 80.0    0.300            479324.000
 85.0    0.300          -4219584.500
 90.0    0.300          -1287430.500
 95.0    0.300           4588927.500
100.0    0.300           2832275.750
105.0    0.300          -4241330.000
110.0    0.300          -3706574.750
115.0    0.300           3481420.250
120.0    0.300           3308512.500
125.0    0.300          -2631074.000
130.0    0.300          -2088153.750
135.0    0.300           1785449.250
140.0    0.300            867478.312
145.0    0.300           -996293.750
150.0    0.300           -153312.750
155.0    0.300            400162.062
160.0    0.300            -59085.031
165.0    0.300            -91171.469
170.0    0.300             42768.258
175.0    0.300              2659.822
180.0    0.300             -7533.743
185.0    0.300              2584.601
190.0    0.300              -394.116
195.0    0.300                22.989
200.0    0.300                 0.158
205.0    0.300                 0.000
210.0    0.300                 0.000
215.0    0.300                 0.000
220.0    0.300                 0.000
225.0    0.300                 0.000
230.0    0.300                 0.000
235.0    0.300                 0.000
240.0    0.300                 0.000
245.0    0.300                 0.000
250.0    0.300                 0.000
255.0    0.300                 0.000
260.0    0.300                 0.000
265.0    0.300                 0.000
270.0    0.300                 0.000
275.0    0.300                 0.000
280.0    0.300                 0.000
285.0    0.300                 0.000
290.0    0.300                 0.000
295.0    0.300                 0.000
300.0    0.300                 0.000
  0.0    0.317                 0.000
  5.0    0.317            343214.500
 10.0    0.317           2870813.000
 15.0    0.317            468835.000
 20.0    0.317          -5297218.000
 25.0    0.317          -3933805.250
 30.0    0.317           6317900.500
 35.0    0.317           8253906.000
 40.0    0.317          -5448035.500
 45.0    0.317         -10730574.000
 50.0    0.317           3846464.250
 55.0    0.317           9959098.000
 60.0    0.317          -3516210.750
 65.0    0.317          -7107611.000
 70.0    0.317           5132195.000
 75.0    0.317           5144682.000
 80.0    0.317          -7145834.000
 85.0    0.317          -5985632.000
 90.0    0.317           7517557.500
 95.0    0.317           8706986.000
100.0    0.317          -5994449.000
105.0    0.317         -10777564.000
110.0    0.317           4013085.750
115.0    0.317          10493701.000
120.0    0.317          -2801536.000
125.0    0.317          -8025581.000
130.0    0.317           2326602.250
135.0    0.317           4739899.000
140.0    0.317          -1913151.750
145.0    0.317          -2016676.500
150.0    0.317           1242584.375
155.0    0.317            494352.094
160.0    0.317           -550222.000
165.0    0.317             10641.070
170.0    0.317            136562.000
175.0    0.317            -47622.055
180.0    0.317             -7608.934
185.0    0.317              9721.372
190.0    0.317             -2954.704
195.0    0.317               417.106
200.0    0.317               -22.822
205.0    0.317                -0.158
210.0    0.317                 0.000
215.0    0.317                 0.000
220.0    0.317                 0.000
225.0    0.317                 0.000
230.0    0.317                 0.000
235.0    0.317                 0.000
240.0    0.317                 0.000
245.0    0.317                 0.000
250.0    0.317                 0.000
255.0    0.317                 0.000
260.0    0.317                 0.000
265.0    0.317                 0.000
270.0    0.317                 0.000
275.0    0.317                 0.000
280.0    0.317                 0.000
285.0    0.317                 0.000
290.0    0.317                 0.000
295.0    0.317                 0.000
300.0    0.317                 0.000
  0.0    0.333                 0.000
  5.0    0.333           3212879.000
 10.0    0.333           2996383.250
 15.0    0.333          -7695928.000
 20.0    0.333          -9698096.000
 25.0    0.333           7676666.000
 30.0    0.333          18500736.000
 35.0    0.333          -3507323.000
 40.0    0.333         -24424920.000
 45.0    0.333          -1439792.000
 50.0    0.333          24527858.000
 55.0    0.333           2599368.500
 60.0    0.333         -20576090.000
 65.0    0.333           1537335.000
 70.0    0.333          17379586.000
 75.0    0.333          -7128435.000
 80.0    0.333         -18271696.000
 85.0    0.333           8671894.000
 90.0    0.333          22204298.000
 95.0    0.333          -4799614.000
100.0    0.333         -25471204.000
105.0    0.333           -774033.000
110.0    0.333          25275840.000
115.0    0.333           3681805.500
120.0    0.333         -21313410.000
125.0    0.333          -2899494.500
130.0    0.333          15086975.000
135.0    0.333            501841.000
140.0    0.333          -8667024.000
145.0    0.333           1137797.000
150.0    0.333           3752608.500
155.0    0.333          -1297737.000
160.0    0.333          -1033739.500
165.0    0.333            697150.312
170.0    0.333             78322.188
175.0    0.333           -191735.312
180.0    0.333             49711.551
185.0    0.333             14373.740
190.0    0.333            -12255.248
195.0    0.333              3347.815
200.0    0.333              -439.918
205.0    0.333                22.654
210.0    0.333                 0.158
215.0    0.333                 0.000
220.0    0.333                 0.000
225.0    0.333                 0.000
230.0    0.333                 0.000
235.0    0.333                 0.000
240.0    0.333                 0.000
245.0    0.333                 0.000
250.0    0.333                 0.000
255.0    0.333                 0.000
260.0    0.333                 0.000
265.0    0.333                 0.000
270.0    0.333                 0.000
275.0    0.333                 0.000
280.0    0.333                 0.000
285.0    0.333                 0.000
290.0    0.333                 0.000
295.0    0.333                 0.000
300.0    0.333                 0.000
  0.0    0.350                 0.000
  5.0    0.350           6208063.500
 10.0    0.350          -7908060.000
 15.0    0.350         -20385328.000
 20.0    0.350           5668348.000
 25.0    0.350          35864216.000
 30.0    0.350           7321221.000
 35.0    0.350         -46415808.000
 40.0    0.350         -22358216.000
 45.0    0.350          47493400.000
 50.0    0.350          28565402.000
 55.0    0.350         -42486536.000
 60.0    0.350         -21637698.000
 65.0    0.350          39477828.000
 70.0    0.350           8717283.000
 75.0    0.350         -42765452.000
 80.0    0.350          -2477688.000
 85.0    0.350          49131696.000
 90.0    0.350           8738179.000
 95.0    0.350         -52456048.000
100.0    0.350         -21447234.000
105.0    0.350          49952708.000
110.0    0.350          29729896.000
115.0    0.350         -42888804.000
120.0    0.350         -27892076.000
125.0    0.350          33486326.000
130.0    0.350          18486950.000
135.0    0.350         -23242656.000
140.0    0.350          -8031322.500
145.0    0.350          13552460.000
150.0    0.350           1318049.000
155.0    0.350          -6082170.000
160.0    0.350            960349.625
165.0    0.350           1808767.250
170.0    0.350           -810207.812
175.0    0.350           -220334.500
180.0    0.350            255738.141
185.0    0.350            -47568.266
190.0    0.350            -23276.762
195.0    0.350             15158.418
200.0    0.350             -3763.749
205.0    0.350               462.555
210.0    0.350               -22.487
215.0    0.350                -0.158
220.0    0.350                 0.000
225.0    0.350                 0.000
230.0    0.350                 0.000
235.0    0.350                 0.000
240.0    0.350                 0.000
245.0    0.350                 0.000
250.0    0.350                 0.000
255.0    0.350                 0.000
260.0    0.350                 0.000
265.0    0.350                 0.000
270.0    0.350                 0.000
275.0    0.350                 0.000
280.0    0.350                 0.000
285.0    0.350                 0.000
290.0    0.350                 0.000
295.0    0.350                 0.000
300.0    0.350                 0.000
  0.0    0.367                 0.000
  5.0    0.367          -1696833.000
 10.0    0.367         -34490812.000
 15.0    0.367          -6814351.000
 20.0    0.367          61895388.000
 25.0    0.367          37516428.000
 30.0    0.367         -74925880.000
 35.0    0.367         -76083368.000
 40.0    0.367          71513424.000
 45.0    0.367          98396640.000
 50.0    0.367         -61378536.000
 55.0    0.367         -92669552.000
 60.0    0.367          60293880.000
 65.0    0.367          69820664.000
 70.0    0.367         -73493096.000
 75.0    0.367         -53955944.000
 80.0    0.367          89382696.000
 85.0    0.367          60343076.000
 90.0    0.367         -92808928.000
 95.0    0.367         -82629384.000
100.0    0.367          80920552.000
105.0    0.367         101109360.000
110.0    0.367         -63074472.000
115.0    0.367        -100487728.000
120.0    0.367          48452500.000
125.0    0.367          79846792.000
130.0    0.367         -38219336.000
135.0    0.367         -49750320.000
140.0    0.367          28749074.000
145.0    0.367          22898092.000
150.0    0.367         -18308724.000
155.0    0.367          -6439726.500
160.0    0.367           8848130.000
165.0    0.367             38918.125
170.0    0.367          -2838497.750
175.0    0.367            845185.000
180.0    0.367            428435.250
185.0    0.367           -326471.562
190.0    0.367             39424.828
195.0    0.367             34663.625
200.0    0.367            -18453.732
205.0    0.367              4202.319
210.0    0.367              -485.015
215.0    0.367                22.321
220.0    0.367                 0.158
225.0    0.367                 0.000
230.0    0.367                 0.000
235.0    0.367                 0.000
240.0    0.367                 0.000
245.0    0.367                 0.000
250.0    0.367                 0.000
255.0    0.367                 0.000
260.0    0.367                 0.000
265.0    0.367                 0.000
270.0    0.367                 0.000
275.0    0.367                 0.000
280.0    0.367                 0.000
285.0    0.367                 0.000
290.0    0.367                 0.000
295.0    0.367                 0.000
300.0    0.367                 0.000
  0.0    0.383                 0.000
  5.0    0.383         -36173844.000
 10.0    0.383         -39606284.000
 15.0    0.383          89533288.000
 20.0    0.383         106208432.000
 25.0    0.383         -99250096.000
 30.0    0.383        -188480224.000
 35.0    0.383          70297336.000
 40.0    0.383         245923616.000
 45.0    0.383         -34442152.000
 50.0    0.383        -252368288.000
 55.0    0.383          28954184.000
 60.0    0.383         222719072.000
 65.0    0.383         -63912792.000
 70.0    0.383        -197220192.000
 75.0    0.383         108854680.000
 80.0    0.383         203636000.000
 85.0    0.383        -121775648.000
 90.0    0.383        -235724192.000
 95.0    0.383          91030584.000
100.0    0.383         264585792.000
105.0    0.383         -42828064.000
110.0    0.383        -264590912.000
115.0    0.383          10994632.000
120.0    0.383         228714880.000
125.0    0.383          -6790376.000
130.0    0.383        -167764608.000
135.0    0.383          17191296.000
140.0    0.383         101368424.000
145.0    0.383         -24140880.000
150.0    0.383         -47634804.000
155.0    0.383          20706264.000
160.0    0.383          15324182.000
165.0    0.383         -11643035.000
170.0    0.383          -2032553.500
175.0    0.383           4110811.000
180.0    0.383           -742752.500
185.0    0.383           -715326.375
190.0    0.383            400415.562
195.0    0.383            -23191.781
200.0    0.383            -48902.852
205.0    0.383             22163.848
210.0    0.383             -4663.342
215.0    0.383               507.299
220.0    0.383               -22.154
225.0    0.383                -0.158
230.0    0.383                 0.000
235.0    0.383                 0.000
240.0    0.383                 0.000
245.0    0.383                 0.000
250.0    0.383                 0.000
255.0    0.383                 0.000
260.0    0.383                 0.000
265.0    0.383                 0.000
270.0    0.383                 0.000
275.0    0.383                 0.000
280.0    0.383                 0.000
285.0    0.383                 0.000
290.0    0.383                 0.000
295.0    0.383                 0.000
300.0    0.383                 0.000
  0.0    0.400                 0.000
  5.0    0.400         -75764288.000
 10.0    0.400          86050560.000
 15.0    0.400         235289664.000
 20.0    0.400         -82499440.000
 25.0    0.400        -393820864.000
 30.0    0.400         -19000624.000
 35.0    0.400         504527392.000
 40.0    0.400         141226032.000
 45.0    0.400        -532534688.000
 50.0    0.400        -188997312.000
 55.0    0.400         503851456.000
 60.0    0.400         129889248.000
 65.0    0.400        -483684064.000
 70.0    0.400         -24521840.000
 75.0    0.400         509550496.000
 80.0    0.400         -26902064.000
 85.0    0.400        -560960064.000
 90.0    0.400         -23003088.000
 95.0    0.400         591140416.000
100.0    0.400         130780696.000
105.0    0.400        -571793024.000
110.0    0.400        -210789744.000
115.0    0.400         504103072.000
120.0    0.400         210936992.000
125.0    0.400        -403111232.000
130.0    0.400        -143792528.000
135.0    0.400         286216640.000
140.0    0.400          60052784.000
145.0    0.400        -173084496.000
150.0    0.400          -2805600.000
155.0    0.400          83640064.000
160.0    0.400         -17012176.000
165.0    0.400         -28992828.000
170.0    0.400          13714990.000
175.0    0.400           5400096.000
180.0    0.400          -5566959.000
185.0    0.400            427384.250
190.0    0.400           1092273.250
195.0    0.400           -472330.438
200.0    0.400             -3565.367
205.0    0.400             66385.656
210.0    0.400            -26311.227
215.0    0.400              5146.630
220.0    0.400              -529.408
225.0    0.400                21.987
230.0    0.400                 0.158
235.0    0.400                 0.000
240.0    0.400                 0.000
245.0    0.400                 0.000
250.0    0.400                 0.000
255.0    0.400                 0.000
260.0    0.400                 0.000
265.0    0.400                 0.000
270.0    0.400                 0.000
275.0    0.400                 0.000
280.0    0.400                 0.000
285.0    0.400                 0.000
290.0    0.400                 0.000
295.0    0.400                 0.000
300.0    0.400                 0.000
  0.0    0.416                 0.000
  5.0    0.416          10251848.000
 10.0    0.416         396980064.000
 15.0    0.416          66807088.000
 20.0    0.416        -711358272.000
 25.0    0.416        -330347456.000
 30.0    0.416         878988224.000
 35.0    0.416         664689920.000
 40.0    0.416        -895421120.000
 45.0    0.416        -862625920.000
 50.0    0.416         846974272.000
 55.0    0.416         822610432.000
 60.0    0.416        -857251200.000
 65.0    0.416        -638033408.000
 70.0    0.416         968315328.000
 75.0    0.416         507171232.000
 80.0    0.416       -1096984320.000
 85.0    0.416        -557062656.000
 90.0    0.416        1128636416.000
 95.0    0.416         744862656.000
100.0    0.416       -1031687552.000
105.0    0.416        -913226816.000
110.0    0.416         864675840.000
115.0    0.416         925661056.000
120.0    0.416        -695914368.000
125.0    0.416        -757698816.000
130.0    0.416         545259584.000
135.0    0.416         489980416.000
140.0    0.416        -399064576.000
145.0    0.416        -235917728.000
150.0    0.416         253816256.000
155.0    0.416          69439168.000
160.0    0.416        -129600008.000
165.0    0.416           1722046.000
170.0    0.416          48094152.000
175.0    0.416         -13874138.000
180.0    0.416         -10537682.000
185.0    0.416           7083952.000
190.0    0.416            192918.500
195.0    0.416          -1567730.750
200.0    0.416            534935.250
205.0    0.416             43648.898
210.0    0.416            -87525.750
215.0    0.416             30918.135
220.0    0.416             -5652.001
225.0    0.416               551.341
230.0    0.416               -21.821
235.0    0.416                -0.158
240.0    0.416                 0.000
245.0    0.416                 0.000
250.0    0.416                 0.000
255.0    0.416                 0.000
260.0    0.416                 0.000
265.0    0.416                 0.000
270.0    0.416                 0.000
275.0    0.416                 0.000
280.0    0.416                 0.000
285.0    0.416                 0.000
290.0    0.416                 0.000
295.0    0.416                 0.000
300.0    0.416                 0.000
  0.0    0.433                 0.000
  5.0    0.433         407073088.000
 10.0    0.433         453512672.000
 15.0    0.433       -1041087808.000
 20.0    0.433       -1108353920.000
 25.0    0.433        1259362816.000
 30.0    0.433        1873627520.000
 35.0    0.433       -1109009536.000
 40.0    0.433       -2422125824.000
 45.0    0.433         879072384.000
 50.0    0.433        2531536384.000
 55.0    0.433        -880933248.000
 60.0    0.433       -2317310720.000
 65.0    0.433        1186802688.000
 70.0    0.433        2113061888.000
 75.0    0.433       -1557302272.000
 80.0    0.433       -2160792320.000
 85.0    0.433        1667667712.000
 90.0    0.433        2430041088.000
 95.0    0.433       -1414597120.000
100.0    0.433       -2689113600.000
105.0    0.433         982377920.000
110.0    0.433        2702828032.000
115.0    0.433        -634304768.000
120.0    0.433       -2378600960.000
125.0    0.433         482978688.000
130.0    0.433        1792439552.000
135.0    0.433        -453965952.000
140.0    0.433       -1124672256.000
145.0    0.433         416701920.000
150.0    0.433         559051008.000
155.0    0.433        -313823712.000
160.0    0.433        -197290048.000
165.0    0.433         179345120.000
170.0    0.433          32504208.000
175.0    0.433         -72482512.000
180.0    0.433          10412024.000
185.0    0.433          17810260.000
190.0    0.433          -8455304.000
195.0    0.433          -1225850.875
200.0    0.433           2145670.250
205.0    0.433           -578563.125
210.0    0.433           -100251.422
215.0    0.433            112759.125
220.0    0.433            -36006.645
225.0    0.433              6179.269
230.0    0.433              -573.098
235.0    0.433                21.654
240.0    0.433                 0.158
245.0    0.433                 0.000
250.0    0.433                 0.000
255.0    0.433                 0.000
260.0    0.433                 0.000
265.0    0.433                 0.000
270.0    0.433                 0.000
275.0    0.433                 0.000
280.0    0.433                 0.000
285.0    0.433                 0.000
290.0    0.433                 0.000
295.0    0.433                 0.000
300.0    0.433                 0.000
  0.0    0.450                 0.000
  5.0    0.450         860404352.000
 10.0    0.450        -994068864.000
 15.0    0.450       -2602329600.000
 20.0    0.450        1191176320.000
 25.0    0.450        4240151296.000
 30.0    0.450        -493797248.000
 35.0    0.450       -5403044352.000
 40.0    0.450        -434839296.000
 45.0    0.450        5830752768.000
 50.0    0.450         772234880.000
 55.0    0.450       -5727840256.000
 60.0    0.450        -250402048.000
 65.0    0.450        5615403008.000
 70.0    0.450        -629945344.000
 75.0    0.450       -5829446656.000
 80.0    0.450        1062887424.000
 85.0    0.450        6256664576.000
 90.0    0.450        -650990592.000
 95.0    0.450       -6531703808.000
100.0    0.450        -293097472.000
105.0    0.450        6372162560.000
110.0    0.450        1086792064.000
115.0    0.450       -5713700864.000
120.0    0.450       -1261764480.000
125.0    0.450        4652350464.000
130.0    0.450         855869760.000
135.0    0.450       -3369910784.000
140.0    0.450        -254352704.000
145.0    0.450        2099751552.000
150.0    0.450        -171182336.000
155.0    0.450       -1069862144.000
160.0    0.450         295681472.000
165.0    0.450         409047424.000
170.0    0.450        -219222672.000
175.0    0.450         -94565856.000
180.0    0.450         100668672.000
185.0    0.450          -1049520.000
190.0    0.450         -27483798.000
195.0    0.450           9370882.000
200.0    0.450           2792699.000
205.0    0.450          -2823586.500
210.0    0.450            590794.250
215.0    0.450            176978.203
220.0    0.450           -142543.859
225.0    0.450             41598.641
230.0    0.450             -6728.250
235.0    0.450               594.681
240.0    0.450               -21.488
245.0    0.450                -0.158
250.0    0.450                 0.000
255.0    0.450                 0.000
260.0    0.450                 0.000
265.0    0.450                 0.000
270.0    0.450                 0.000
275.0    0.450                 0.000
280.0    0.450                 0.000
285.0    0.450                 0.000
290.0    0.450                 0.000
295.0    0.450                 0.000
300.0    0.450                 0.000
  0.0    0.466                 0.000
  5.0    0.466        -133266816.000
 10.0    0.466       -4455417344.000
 15.0    0.466        -417958656.000
 20.0    0.466        8030919168.000
 25.0    0.466        2555851776.000
 30.0    0.466      -10133135360.000
 35.0    0.466       -5344110080.000
 40.0    0.466       10794463232.000
 45.0    0.466        7037343744.000
 50.0    0.466      -10781732864.000
 55.0    0.466       -6750068224.000
 60.0    0.466       11088303104.000
 65.0    0.466        5236011520.000
 70.0    0.466      -12070216704.000
 75.0    0.466       -4137291264.000
 80.0    0.466       13144163328.000
 85.0    0.466        4543472128.000
 90.0    0.466      -13434243072.000
 95.0    0.466       -6173954048.000
100.0    0.466       12605606912.000
105.0    0.466        7751499776.000
110.0    0.466      -10994236416.000
115.0    0.466       -8061318144.000
120.0    0.466        9100139520.000
125.0    0.466        6769137664.000
130.0    0.466       -7163182080.000
135.0    0.466       -4479689216.000
140.0    0.466        5213121024.000
145.0    0.466        2182888704.000
150.0    0.466       -3339528192.000
155.0    0.466        -603185152.000
160.0    0.466        1773999360.000
165.0    0.466        -105650720.000
170.0    0.466        -722634496.000
175.0    0.466         225197504.000
180.0    0.466         194147584.000
185.0    0.466        -129150720.000
190.0    0.466         -17067564.000
195.0    0.466          39635264.000
200.0    0.466          -9396890.000
205.0    0.466          -5024610.000
210.0    0.466           3590158.500
215.0    0.466           -556066.562
220.0    0.466           -277869.250
225.0    0.466            177359.922
230.0    0.466            -47715.805
235.0    0.466              7298.760
240.0    0.466              -616.088
245.0    0.466                21.322
250.0    0.466                 0.157
255.0    0.466                 0.000
260.0    0.466                 0.000
265.0    0.466                 0.000
270.0    0.466                 0.000
275.0    0.466                 0.000
280.0    0.466                 0.000
285.0    0.466                 0.000
290.0    0.466                 0.000
295.0    0.466                 0.000
300.0    0.466                 0.000
  0.0    0.483                 0.000
  5.0    0.483       -4586902016.000
 10.0    0.483       -4739995136.000
 15.0    0.483       12063382528.000
 20.0    0.483       11003539456.000
 25.0    0.483      -15600935936.000
 30.0    0.483      -18029936640.000
 35.0    0.483       15575115776.000
 40.0    0.483       23170965504.000
 45.0    0.483      -14530220032.000
 50.0    0.483      -24563630080.000
 55.0    0.483       15111217152.000
 60.0    0.483       23069587456.000
 65.0    0.483      -17913243648.000
 70.0    0.483      -21439770624.000
 75.0    0.483       21066999808.000
 80.0    0.483       21821454336.000
 85.0    0.483      -22024302592.000
 90.0    0.483      -24147382272.000
 95.0    0.483       19855476736.000
100.0    0.483       26525489152.000
105.0    0.483      -15838902272.000
110.0    0.483      -26800728064.000
115.0    0.483       12025019392.000
120.0    0.483       23924662272.000
125.0    0.483       -9487677440.000
130.0    0.483      -18407507968.000
135.0    0.483        7891663360.000
140.0    0.483       11873034240.000
145.0    0.483       -6366339072.000
150.0    0.483       -6124487680.000
155.0    0.483        4508296192.000
160.0    0.483        2271334656.000
165.0    0.483       -2601285632.000
170.0    0.483        -391918624.000
175.0    0.483        1141612800.000
180.0    0.483        -160058880.000
185.0    0.483        -340281376.000
190.0    0.483         151650896.000
195.0    0.483          47302868.000
200.0    0.483         -54038896.000
205.0    0.483           7957242.000
210.0    0.483           8056914.500
215.0    0.483          -4422547.000
220.0    0.483            455263.812
225.0    0.483            407421.281
230.0    0.483           -217708.938
235.0    0.483             54379.633
240.0    0.483             -7890.614
245.0    0.483               637.321
250.0    0.483               -21.156
255.0    0.483                -0.157
260.0    0.483                 0.000
265.0    0.483                 0.000
270.0    0.483                 0.000
275.0    0.483                 0.000
280.0    0.483                 0.000
285.0    0.483                 0.000
290.0    0.483                 0.000
295.0    0.483                 0.000
300.0    0.483                 0.000
  0.0    0.500                 0.000
  5.0    0.500       -9325000704.000
 10.0    0.500       11903629312.000
 15.0    0.500       27800619008.000
 20.0    0.500      -16649711616.000
 25.0    0.500      -44622794752.000
 30.0    0.500       13133643776.000
 35.0    0.500       56759533568.000
 40.0    0.500       -6922326016.000
 45.0    0.500      -62245720064.000
 50.0    0.500        5065949184.000
 55.0    0.500       62725382144.000
 60.0    0.500       -9941661696.000
 65.0    0.500      -62404796416.000
 70.0    0.500       17524879360.000
 75.0    0.500       64310919168.000
 80.0    0.500      -21252610048.000
 85.0    0.500      -67974746112.000
 90.0    0.500       17715642368.000
 95.0    0.500       70508077056.000
100.0    0.500       -9154611200.000
105.0    0.500      -69143781376.000
110.0    0.500        1052045312.000
115.0    0.500       62730117120.000
120.0    0.500        2420572160.000
125.0    0.500      -51802906624.000
130.0    0.500       -1035120640.000
135.0    0.500       38160093184.000
140.0    0.500       -2379264000.000
145.0    0.500      -24356659200.000
150.0    0.500        4745796608.000
155.0    0.500       12900759552.000
160.0    0.500       -4835402752.000
165.0    0.500       -5263473664.000
170.0    0.500        3349482496.000
175.0    0.500        1373379840.000
180.0    0.500       -1641360128.000
185.0    0.500         -28696320.000
190.0    0.500         539080064.000
195.0    0.500        -158304640.000
200.0    0.500         -93368784.000
205.0    0.500          70028208.000
210.0    0.500          -4317921.500
215.0    0.500         -12021156.000
220.0    0.500           5283300.000
225.0    0.500           -265282.219
230.0    0.500           -570609.375
235.0    0.500            264114.031
240.0    0.500            -61611.426
245.0    0.500              8503.631
250.0    0.500              -658.379
255.0    0.500                20.990
260.0    0.500                 0.157
265.0    0.500                 0.000
270.0    0.500                 0.000
275.0    0.500                 0.000
280.0    0.500                 0.000
285.0    0.500                 0.000
290.0    0.500                 0.000
295.0    0.500                 0.000
300.0    0.500                 0.000
