  0.0    0.000                 0.000
  5.0    0.000                 0.000
 10.0    0.000                 0.000
 15.0    0.000                 0.000
 20.0    0.000                 0.000
 25.0    0.000                 0.000
 30.0    0.000                 0.000
 35.0    0.000                 0.000
 40.0    0.000                 0.000
 45.0    0.000                 0.000
 50.0    0.000                 0.000
 55.0    0.000                25.869
 60.0    0.000                49.977
 65.0    0.000                70.683
 70.0    0.000                86.576
 75.0    0.000                96.575
 80.0    0.000               100.000
 85.0    0.000                96.617
 90.0    0.000                86.656
 95.0    0.000                70.795
100.0    0.000                50.115
105.0    0.000                26.023
110.0    0.000                 0.159
115.0    0.000                 0.000
120.0    0.000                 0.000
125.0    0.000                 0.000
130.0    0.000                 0.000
135.0    0.000                 0.000
140.0    0.000                 0.000
145.0    0.000                 0.000
150.0    0.000                 0.000
155.0    0.000                 0.000
160.0    0.000                 0.000
165.0    0.000                 0.000
170.0    0.000                 0.000
175.0    0.000                 0.000
180.0    0.000                 0.000
185.0    0.000                 0.000
190.0    0.000                 0.000
195.0    0.000                 0.000
200.0    0.000                 0.000
205.0    0.000                 0.000
210.0    0.000                 0.000
215.0    0.000                 0.000
220.0    0.000                 0.000
225.0    0.000                 0.000
230.0    0.000                 0.000
235.0    0.000                 0.000
240.0    0.000                 0.000
245.0    0.000                 0.000
250.0    0.000                 0.000
255.0    0.000                 0.000
260.0    0.000                 0.000
265.0    0.000                 0.000
270.0    0.000                 0.000
275.0    0.000                 0.000
280.0    0.000                 0.000
285.0    0.000                 0.000
290.0    0.000                 0.000
295.0    0.000                 0.000
300.0    0.000                 0.000
  0.0    0.017                 0.000
  5.0    0.017                 0.000
 10.0    0.017                 0.000
 15.0    0.017                 0.000
 20.0    0.017                 0.000
 25.0    0.017                 0.000
 30.0    0.017                 0.000
 35.0    0.017                 0.000
 40.0    0.017                 0.000
 45.0    0.017                 0.000
 50.0    0.017               -25.859
 55.0    0.017               -24.088
 60.0    0.017                 5.182
 65.0    0.017                34.098
 70.0    0.017                60.693
 75.0    0.017                83.157
 80.0    0.017                99.959
 85.0    0.017               109.956
 90.0    0.017               112.467
 95.0    0.017               107.321
100.0    0.017                94.869
105.0    0.017                75.959
110.0    0.017                26.172
115.0    0.017                 0.159
120.0    0.017                 0.000
125.0    0.017                 0.000
130.0    0.017                 0.000
135.0    0.017                 0.000
140.0    0.017                 0.000
145.0    0.017                 0.000
150.0    0.017                 0.000
155.0    0.017                 0.000
160.0    0.017                 0.000
165.0    0.017                 0.000
170.0    0.017                 0.000
175.0    0.017                 0.000
180.0    0.017                 0.000
185.0    0.017                 0.000
190.0    0.017                 0.000
195.0    0.017                 0.000
200.0    0.017                 0.000
205.0    0.017                 0.000
210.0    0.017                 0.000
215.0    0.017                 0.000
220.0    0.017                 0.000
225.0    0.017                 0.000
230.0    0.017                 0.000
235.0    0.017                 0.000
240.0    0.017                 0.000
245.0    0.017                 0.000
250.0    0.017                 0.000
255.0    0.017                 0.000
260.0    0.017                 0.000
265.0    0.017                 0.000
270.0    0.017                 0.000
275.0    0.017                 0.000
280.0    0.017                 0.000
285.0    0.017                 0.000
290.0    0.017                 0.000
295.0    0.017                 0.000
300.0    0.017                 0.000
  0.0    0.033                 0.000
  5.0    0.033                 0.000
 10.0    0.033                 0.000
 15.0    0.033                 0.000
 20.0    0.033                 0.000
 25.0    0.033                 0.000
 30.0    0.033                 0.000
 35.0    0.033                 0.000
 40.0    0.033                 0.000
 45.0    0.033                25.848
 50.0    0.033                -1.780
 55.0    0.033               -55.116
 60.0    0.033               -52.981
 65.0    0.033               -21.392
 70.0    0.033                11.655
 75.0    0.033                43.907
 80.0    0.033                73.171
 85.0    0.033                97.453
 90.0    0.033               115.100
 95.0    0.033               124.912
100.0    0.033               126.219
105.0    0.033               144.629
110.0    0.033               101.941
115.0    0.033                26.320
120.0    0.033                 0.159
125.0    0.033                 0.000
130.0    0.033                 0.000
135.0    0.033                 0.000
140.0    0.033                 0.000
145.0    0.033                 0.000
150.0    0.033                 0.000
155.0    0.033                 0.000
160.0    0.033                 0.000
165.0    0.033                 0.000
170.0    0.033                 0.000
175.0    0.033                 0.000
180.0    0.033                 0.000
185.0    0.033                 0.000
190.0    0.033                 0.000
195.0    0.033                 0.000
200.0    0.033                 0.000
205.0    0.033                 0.000
210.0    0.033                 0.000
215.0    0.033                 0.000
220.0    0.033                 0.000
225.0    0.033                 0.000
230.0    0.033                 0.000
235.0    0.033                 0.000
240.0    0.033                 0.000
245.0    0.033                 0.000
250.0    0.033                 0.000
255.0    0.033                 0.000
260.0    0.033                 0.000
265.0    0.033                 0.000
270.0    0.033                 0.000
275.0    0.033                 0.000
280.0    0.033                 0.000
285.0    0.033                 0.000
290.0    0.033                 0.000
295.0    0.033                 0.000
300.0    0.033                 0.000
  0.0    0.050                 0.000
  5.0    0.050                 0.000
 10.0    0.050                 0.000
 15.0    0.050                 0.000
 20.0    0.050                 0.000
 25.0    0.050                 0.000
 30.0    0.050                 0.000
 35.0    0.050                 0.000
 40.0    0.050               -25.838
 45.0    0.050                27.628
 50.0    0.050                79.151
 55.0    0.050                -3.935
 60.0    0.050               -86.692
 65.0    0.050               -86.002
 70.0    0.050               -53.618
 75.0    0.050               -17.584
 80.0    0.050                19.647
 85.0    0.050                55.540
 90.0    0.050                87.652
 95.0    0.050               113.797
100.0    0.050               106.510
105.0    0.050               168.897
110.0    0.050               220.202
115.0    0.050               128.061
120.0    0.050                26.469
125.0    0.050                 0.159
130.0    0.050                 0.000
135.0    0.050                 0.000
140.0    0.050                 0.000
145.0    0.050                 0.000
150.0    0.050                 0.000
155.0    0.050                 0.000
160.0    0.050                 0.000
165.0    0.050                 0.000
170.0    0.050                 0.000
175.0    0.050                 0.000
180.0    0.050                 0.000
185.0    0.050                 0.000
190.0    0.050                 0.000
195.0    0.050                 0.000
200.0    0.050                 0.000
205.0    0.050                 0.000
210.0    0.050                 0.000
215.0    0.050                 0.000
220.0    0.050                 0.000
225.0    0.050                 0.000
230.0    0.050                 0.000
235.0    0.050                 0.000
240.0    0.050                 0.000
245.0    0.050                 0.000
250.0    0.050                 0.000
255.0    0.050                 0.000
260.0    0.050                 0.000
265.0    0.050                 0.000
270.0    0.050                 0.000
275.0    0.050                 0.000
280.0    0.050                 0.000
285.0    0.050                 0.000
290.0    0.050                 0.000
295.0    0.050                 0.000
300.0    0.050                 0.000
  0.0    0.067                 0.000
  5.0    0.067                 0.000
 10.0    0.067                 0.000
 15.0    0.067                 0.000
 20.0    0.067                 0.000
 25.0    0.067                 0.000
 30.0    0.067                 0.000
 35.0    0.067                25.828
 40.0    0.067               -53.455
 45.0    0.067               -77.319
 50.0    0.067               110.702
 55.0    0.067               161.842
 60.0    0.067                -4.659
 65.0    0.067              -119.062
 70.0    0.067              -122.008
 75.0    0.067               -90.820
 80.0    0.067               -53.448
 85.0    0.067               -12.439
 90.0    0.067                29.418
 95.0    0.067                94.947
100.0    0.067                51.432
105.0    0.067                55.252
110.0    0.067               261.021
115.0    0.067               321.716
120.0    0.067               154.320
125.0    0.067                26.618
130.0    0.067                 0.159
135.0    0.067                 0.000
140.0    0.067                 0.000
145.0    0.067                 0.000
150.0    0.067                 0.000
155.0    0.067                 0.000
160.0    0.067                 0.000
165.0    0.067                 0.000
170.0    0.067                 0.000
175.0    0.067                 0.000
180.0    0.067                 0.000
185.0    0.067                 0.000
190.0    0.067                 0.000
195.0    0.067                 0.000
200.0    0.067                 0.000
205.0    0.067                 0.000
210.0    0.067                 0.000
215.0    0.067                 0.000
220.0    0.067                 0.000
225.0    0.067                 0.000
230.0    0.067                 0.000
235.0    0.067                 0.000
240.0    0.067                 0.000
245.0    0.067                 0.000
250.0    0.067                 0.000
255.0    0.067                 0.000
260.0    0.067                 0.000
265.0    0.067                 0.000
270.0    0.067                 0.000
275.0    0.067                 0.000
280.0    0.067                 0.000
285.0    0.067                 0.000
290.0    0.067                 0.000
295.0    0.067                 0.000
300.0    0.067                 0.000
  0.0    0.083                 0.000
  5.0    0.083                 0.000
 10.0    0.083                 0.000
 15.0    0.083                 0.000
 20.0    0.083                 0.000
 25.0    0.083                 0.000
 30.0    0.083               -25.817
 35.0    0.083                79.261
 40.0    0.083                49.651
 45.0    0.083              -241.411
 50.0    0.083              -128.363
 55.0    0.083               277.156
 60.0    0.083               276.133
 65.0    0.083                -1.760
 70.0    0.083              -150.239
 75.0    0.083              -159.352
 80.0    0.083              -131.798
 85.0    0.083               -95.272
 90.0    0.083               -77.924
 95.0    0.083                72.942
100.0    0.083                91.111
105.0    0.083              -154.254
110.0    0.083                -5.337
115.0    0.083               428.375
120.0    0.083               449.301
125.0    0.083               180.717
130.0    0.083                26.766
135.0    0.083                 0.159
140.0    0.083                 0.000
145.0    0.083                 0.000
150.0    0.083                 0.000
155.0    0.083                 0.000
160.0    0.083                 0.000
165.0    0.083                 0.000
170.0    0.083                 0.000
175.0    0.083                 0.000
180.0    0.083                 0.000
185.0    0.083                 0.000
190.0    0.083                 0.000
195.0    0.083                 0.000
200.0    0.083                 0.000
205.0    0.083                 0.000
210.0    0.083                 0.000
215.0    0.083                 0.000
220.0    0.083                 0.000
225.0    0.083                 0.000
230.0    0.083                 0.000
235.0    0.083                 0.000
240.0    0.083                 0.000
245.0    0.083                 0.000
250.0    0.083                 0.000
255.0    0.083                 0.000
260.0    0.083                 0.000
265.0    0.083                 0.000
270.0    0.083                 0.000
275.0    0.083                 0.000
280.0    0.083                 0.000
285.0    0.083                 0.000
290.0    0.083                 0.000
295.0    0.083                 0.000
300.0    0.083                 0.000
  0.0    0.100                 0.000
  5.0    0.100                 0.000
 10.0    0.100                 0.000
 15.0    0.100                 0.000
 20.0    0.100                 0.000
 25.0    0.100                25.807
 30.0    0.100              -105.047
 35.0    0.100                 3.824
 40.0    0.100               370.195
 45.0    0.100               -63.468
 50.0    0.100              -646.723
 55.0    0.100              -127.178
 60.0    0.100               554.938
 65.0    0.100               424.442
 70.0    0.100                 7.290
 75.0    0.100              -177.785
 80.0    0.100              -195.852
 85.0    0.100              -149.125
 90.0    0.100              -246.071
 95.0    0.100               -96.025
100.0    0.100               318.216
105.0    0.100               -57.845
110.0    0.100              -587.733
115.0    0.100               -26.081
120.0    0.100               696.860
125.0    0.100               603.083
130.0    0.100               207.252
135.0    0.100                26.914
140.0    0.100                 0.159
145.0    0.100                 0.000
150.0    0.100                 0.000
155.0    0.100                 0.000
160.0    0.100                 0.000
165.0    0.100                 0.000
170.0    0.100                 0.000
175.0    0.100                 0.000
180.0    0.100                 0.000
185.0    0.100                 0.000
190.0    0.100                 0.000
195.0    0.100                 0.000
200.0    0.100                 0.000
205.0    0.100                 0.000
210.0    0.100                 0.000
215.0    0.100                 0.000
220.0    0.100                 0.000
225.0    0.100                 0.000
230.0    0.100                 0.000
235.0    0.100                 0.000
240.0    0.100                 0.000
245.0    0.100                 0.000
250.0    0.100                 0.000
255.0    0.100                 0.000
260.0    0.100                 0.000
265.0    0.100                 0.000
270.0    0.100                 0.000
275.0    0.100                 0.000
280.0    0.100                 0.000
285.0    0.100                 0.000
290.0    0.100                 0.000
295.0    0.100                 0.000
300.0    0.100                 0.000
  0.0    0.117                 0.000
  5.0    0.117                 0.000
 10.0    0.117                 0.000
 15.0    0.117                 0.000
 20.0    0.117               -25.797
 25.0    0.117               130.812
 30.0    0.117               -83.073
 35.0    0.117              -471.228
 40.0    0.117               437.460
 45.0    0.117               953.042
 50.0    0.117              -583.039
 55.0    0.117             -1328.357
 60.0    0.117                 3.539
 65.0    0.117               971.870
 70.0    0.117               609.276
 75.0    0.117                25.275
 80.0    0.117              -224.501
 85.0    0.117               -98.927
 90.0    0.117              -299.150
 95.0    0.117              -660.086
100.0    0.117               280.051
105.0    0.117               847.742
110.0    0.117              -619.483
115.0    0.117             -1310.159
120.0    0.117                67.947
125.0    0.117              1092.495
130.0    0.117               783.190
135.0    0.117               233.924
140.0    0.117                27.062
145.0    0.117                 0.159
150.0    0.117                 0.000
155.0    0.117                 0.000
160.0    0.117                 0.000
165.0    0.117                 0.000
170.0    0.117                 0.000
175.0    0.117                 0.000
180.0    0.117                 0.000
185.0    0.117                 0.000
190.0    0.117                 0.000
195.0    0.117                 0.000
200.0    0.117                 0.000
205.0    0.117                 0.000
210.0    0.117                 0.000
215.0    0.117                 0.000
220.0    0.117                 0.000
225.0    0.117                 0.000
230.0    0.117                 0.000
235.0    0.117                 0.000
240.0    0.117                 0.000
245.0    0.117                 0.000
250.0    0.117                 0.000
255.0    0.117                 0.000
260.0    0.117                 0.000
265.0    0.117                 0.000
270.0    0.117                 0.000
275.0    0.117                 0.000
280.0    0.117                 0.000
285.0    0.117                 0.000
290.0    0.117                 0.000
295.0    0.117                 0.000
300.0    0.117                 0.000
  0.0    0.133                 0.000
  5.0    0.133                 0.000
 10.0    0.133                 0.000
 15.0    0.133                25.786
 20.0    0.133              -156.557
 25.0    0.133               188.065
 30.0    0.133               518.727
 35.0    0.133              -991.552
 40.0    0.133              -986.240
 45.0    0.133              1973.133
 50.0    0.133              1697.448
 55.0    0.133             -1914.700
 60.0    0.133             -2295.769
 65.0    0.133               366.376
 70.0    0.133              1555.492
 75.0    0.133               858.718
 80.0    0.133              -100.348
 85.0    0.133               -24.308
 90.0    0.133               261.785
 95.0    0.133             -1239.055
100.0    0.133             -1227.173
105.0    0.133              1746.916
110.0    0.133              1537.554
115.0    0.133             -1997.315
120.0    0.133             -2333.746
125.0    0.133               377.538
130.0    0.133              1641.418
135.0    0.133               989.749
140.0    0.133               260.734
145.0    0.133                27.210
150.0    0.133                 0.159
155.0    0.133                 0.000
160.0    0.133                 0.000
165.0    0.133                 0.000
170.0    0.133                 0.000
175.0    0.133                 0.000
180.0    0.133                 0.000
185.0    0.133                 0.000
190.0    0.133                 0.000
195.0    0.133                 0.000
200.0    0.133                 0.000
205.0    0.133                 0.000
210.0    0.133                 0.000
215.0    0.133                 0.000
220.0    0.133                 0.000
225.0    0.133                 0.000
230.0    0.133                 0.000
235.0    0.133                 0.000
240.0    0.133                 0.000
245.0    0.133                 0.000
250.0    0.133                 0.000
255.0    0.133                 0.000
260.0    0.133                 0.000
265.0    0.133                 0.000
270.0    0.133                 0.000
275.0    0.133                 0.000
280.0    0.133                 0.000
285.0    0.133                 0.000
290.0    0.133                 0.000
295.0    0.133                 0.000
300.0    0.133                 0.000
  0.0    0.150                 0.000
  5.0    0.150                 0.000
 10.0    0.150               -25.776
 15.0    0.150               182.280
 20.0    0.150              -318.770
 25.0    0.150              -486.948
 30.0    0.150              1697.872
 35.0    0.150               512.813
 40.0    0.150             -3949.739
 45.0    0.150              -709.482
 50.0    0.150              5583.726
 55.0    0.150              2076.918
 60.0    0.150             -4575.932
 65.0    0.150             -3483.344
 70.0    0.150              1063.346
 75.0    0.150              2513.896
 80.0    0.150               782.325
 85.0    0.150              -386.296
 90.0    0.150              1476.045
 95.0    0.150               249.308
100.0    0.150             -4211.949
105.0    0.150             -1016.706
110.0    0.150              5280.287
115.0    0.150              1872.437
120.0    0.150             -4707.649
125.0    0.150             -3596.035
130.0    0.150              1029.452
135.0    0.150              2369.881
140.0    0.150              1222.888
145.0    0.150               287.681
150.0    0.150                27.358
155.0    0.150                 0.159
160.0    0.150                 0.000
165.0    0.150                 0.000
170.0    0.150                 0.000
175.0    0.150                 0.000
180.0    0.150                 0.000
185.0    0.150                 0.000
190.0    0.150                 0.000
195.0    0.150                 0.000
200.0    0.150                 0.000
205.0    0.150                 0.000
210.0    0.150                 0.000
215.0    0.150                 0.000
220.0    0.150                 0.000
225.0    0.150                 0.000
230.0    0.150                 0.000
235.0    0.150                 0.000
240.0    0.150                 0.000
245.0    0.150                 0.000
250.0    0.150                 0.000
255.0    0.150                 0.000
260.0    0.150                 0.000
265.0    0.150                 0.000
270.0    0.150                 0.000
275.0    0.150                 0.000
280.0    0.150                 0.000
285.0    0.150                 0.000
290.0    0.150                 0.000
295.0    0.150                 0.000
300.0    0.150                 0.000
  0.0    0.167                 0.000
  5.0    0.167                25.766
 10.0    0.167              -207.983
 15.0    0.167               475.157
 20.0    0.167               350.190
 25.0    0.167             -2502.783
 30.0    0.167               698.511
 35.0    0.167              6158.164
 40.0    0.167             -2727.933
 45.0    0.167            -10239.132
 50.0    0.167              2798.440
 55.0    0.167             12232.512
 60.0    0.167               982.106
 65.0    0.167             -9120.367
 70.0    0.167             -4931.494
 75.0    0.167              2794.804
 80.0    0.167              3681.356
 85.0    0.167             -1079.739
 90.0    0.167               840.696
 95.0    0.167              5935.027
100.0    0.167             -2946.442
105.0    0.167            -10505.145
110.0    0.167              2392.300
115.0    0.167             11856.376
120.0    0.167               758.635
125.0    0.167             -9330.840
130.0    0.167             -4934.078
135.0    0.167              2176.522
140.0    0.167              3304.255
145.0    0.167              1482.733
150.0    0.167               314.765
155.0    0.167                27.506
160.0    0.167                 0.159
165.0    0.167                 0.000
170.0    0.167                 0.000
175.0    0.167                 0.000
180.0    0.167                 0.000
185.0    0.167                 0.000
190.0    0.167                 0.000
195.0    0.167                 0.000
200.0    0.167                 0.000
205.0    0.167                 0.000
210.0    0.167                 0.000
215.0    0.167                 0.000
220.0    0.167                 0.000
225.0    0.167                 0.000
230.0    0.167                 0.000
235.0    0.167                 0.000
240.0    0.167                 0.000
245.0    0.167                 0.000
250.0    0.167                 0.000
255.0    0.167                 0.000
260.0    0.167                 0.000
265.0    0.167                 0.000
270.0    0.167                 0.000
275.0    0.167                 0.000
280.0    0.167                 0.000
285.0    0.167                 0.000
290.0    0.167                 0.000
295.0    0.167                 0.000
300.0    0.167                 0.000
  0.0    0.183                 0.000
  5.0    0.183               233.666
 10.0    0.183              -657.195
 15.0    0.183               -82.793
 20.0    0.183              3326.939
 25.0    0.183             -2850.965
 30.0    0.183             -7958.972
 35.0    0.183              9583.237
 40.0    0.183             13662.803
 45.0    0.183            -15763.295
 50.0    0.183            -19664.215
 55.0    0.183             14048.119
 60.0    0.183             22326.441
 65.0    0.183             -3209.133
 70.0    0.183            -16841.898
 75.0    0.183             -5814.600
 80.0    0.183              7554.349
 85.0    0.183              1759.785
 90.0    0.183             -6171.263
 95.0    0.183              9720.650
100.0    0.183             13487.151
105.0    0.183            -15841.751
110.0    0.183            -19960.273
115.0    0.183             13489.388
120.0    0.183             21937.373
125.0    0.183             -3640.405
130.0    0.183            -16436.836
135.0    0.183             -6058.514
140.0    0.183              3997.766
145.0    0.183              4471.026
150.0    0.183              1769.410
155.0    0.183               341.987
160.0    0.183                27.653
165.0    0.183                 0.159
170.0    0.183                 0.000
175.0    0.183                 0.000
180.0    0.183                 0.000
185.0    0.183                 0.000
190.0    0.183                 0.000
195.0    0.183                 0.000
200.0    0.183                 0.000
205.0    0.183                 0.000
210.0    0.183                 0.000
215.0    0.183                 0.000
220.0    0.183                 0.000
225.0    0.183                 0.000
230.0    0.183                 0.000
235.0    0.183                 0.000
240.0    0.183                 0.000
245.0    0.183                 0.000
250.0    0.183                 0.000
255.0    0.183                 0.000
260.0    0.183                 0.000
265.0    0.183                 0.000
270.0    0.183                 0.000
275.0    0.183                 0.000
280.0    0.183                 0.000
285.0    0.183                 0.000
290.0    0.183                 0.000
295.0    0.183                 0.000
300.0    0.183                 0.000
  0.0    0.200                 0.000
  5.0    0.200               890.598
 10.0    0.200              -340.863
 15.0    0.200             -4065.333
 20.0    0.200              6094.003
 25.0    0.200              8430.432
 30.0    0.200            -20388.199
 35.0    0.200            -12029.886
 40.0    0.200             38999.195
 45.0    0.200             17550.389
 50.0    0.200            -49463.703
 55.0    0.200            -27925.736
 60.0    0.200             39576.789
 65.0    0.200             35943.535
 70.0    0.200            -14237.475
 75.0    0.200            -30201.086
 80.0    0.200               -17.005
 85.0    0.200             15479.904
 90.0    0.200            -14128.943
 95.0    0.200             -9929.898
100.0    0.200             39039.328
105.0    0.200             17592.293
110.0    0.200            -49279.680
115.0    0.200            -28391.500
120.0    0.200             39060.312
125.0    0.200             34718.453
130.0    0.200            -14019.693
135.0    0.200            -26484.939
140.0    0.200             -6527.561
145.0    0.200              6698.490
150.0    0.200              5896.797
155.0    0.200              2083.047
160.0    0.200               369.345
165.0    0.200                27.801
170.0    0.200                 0.158
175.0    0.200                 0.000
180.0    0.200                 0.000
185.0    0.200                 0.000
190.0    0.200                 0.000
195.0    0.200                 0.000
200.0    0.200                 0.000
205.0    0.200                 0.000
210.0    0.200                 0.000
215.0    0.200                 0.000
220.0    0.200                 0.000
225.0    0.200                 0.000
230.0    0.200                 0.000
235.0    0.200                 0.000
240.0    0.200                 0.000
245.0    0.200                 0.000
250.0    0.200                 0.000
255.0    0.200                 0.000
260.0    0.200                 0.000
265.0    0.200                 0.000
270.0    0.200                 0.000
275.0    0.200                 0.000
280.0    0.200                 0.000
285.0    0.200                 0.000
290.0    0.200                 0.000
295.0    0.200                 0.000
300.0    0.200                 0.000
  0.0    0.217                 0.000
  5.0    0.217              1231.325
 10.0    0.217              4613.086
 15.0    0.217            -10497.625
 20.0    0.217             -6396.764
 25.0    0.217             34902.039
 30.0    0.217                63.932
 35.0    0.217            -71393.523
 40.0    0.217              9430.756
 45.0    0.217            105977.898
 50.0    0.217             -4005.773
 55.0    0.217           -116930.602
 60.0    0.217            -24266.934
 65.0    0.217             89736.273
 70.0    0.217             51880.688
 75.0    0.217            -44415.867
 80.0    0.217            -45679.719
 85.0    0.217             29586.195
 90.0    0.217             11270.693
 95.0    0.217            -63076.902
100.0    0.217             11528.146
105.0    0.217            105875.969
110.0    0.217             -3314.285
115.0    0.217           -116696.148
120.0    0.217            -24024.391
125.0    0.217             87777.227
130.0    0.217             47159.211
135.0    0.217            -33974.074
140.0    0.217            -39697.711
145.0    0.217             -5720.896
150.0    0.217             10510.395
155.0    0.217              7608.288
160.0    0.217              2423.768
165.0    0.217               396.839
170.0    0.217                27.948
175.0    0.217                 0.158
180.0    0.217                 0.000
185.0    0.217                 0.000
190.0    0.217                 0.000
195.0    0.217                 0.000
200.0    0.217                 0.000
205.0    0.217                 0.000
210.0    0.217                 0.000
215.0    0.217                 0.000
220.0    0.217                 0.000
225.0    0.217                 0.000
230.0    0.217                 0.000
235.0    0.217                 0.000
240.0    0.217                 0.000
245.0    0.217                 0.000
250.0    0.217                 0.000
255.0    0.217                 0.000
260.0    0.217                 0.000
265.0    0.217                 0.000
270.0    0.217                 0.000
275.0    0.217                 0.000
280.0    0.217                 0.000
285.0    0.217                 0.000
290.0    0.217                 0.000
295.0    0.217                 0.000
300.0    0.217                 0.000
  0.0    0.233                 0.000
  5.0    0.233             -3379.916
 10.0    0.233             16337.343
 15.0    0.233               507.820
 20.0    0.233            -51778.266
 25.0    0.233             28443.928
 30.0    0.233            106316.969
 35.0    0.233            -80756.602
 40.0    0.233           -167869.719
 45.0    0.233            119409.055
 50.0    0.233            218813.562
 55.0    0.233            -96677.547
 60.0    0.233           -230851.125
 65.0    0.233             13619.109
 70.0    0.233            185979.156
 75.0    0.233             53105.508
 80.0    0.233           -119652.172
 85.0    0.233            -27341.434
 90.0    0.233            103896.719
 95.0    0.233            -63334.254
100.0    0.233           -157357.141
105.0    0.233            120712.461
110.0    0.233            219168.797
115.0    0.233            -95994.328
120.0    0.233           -228415.969
125.0    0.233             16622.102
130.0    0.233            168861.797
135.0    0.233             52848.098
140.0    0.233            -67939.586
145.0    0.233            -55908.914
150.0    0.233             -2813.457
155.0    0.233             15691.679
160.0    0.233              9632.332
165.0    0.233              2791.701
170.0    0.233               424.471
175.0    0.233                28.096
180.0    0.233                 0.158
185.0    0.233                 0.000
190.0    0.233                 0.000
195.0    0.233                 0.000
200.0    0.233                 0.000
205.0    0.233                 0.000
210.0    0.233                 0.000
215.0    0.233                 0.000
220.0    0.233                 0.000
225.0    0.233                 0.000
230.0    0.233                 0.000
235.0    0.233                 0.000
240.0    0.233                 0.000
245.0    0.233                 0.000
250.0    0.233                 0.000
255.0    0.233                 0.000
260.0    0.233                 0.000
265.0    0.233                 0.000
270.0    0.233                 0.000
275.0    0.233                 0.000
280.0    0.233                 0.000
285.0    0.233                 0.000
290.0    0.233                 0.000
295.0    0.233                 0.000
300.0    0.233                 0.000
  0.0    0.250                 0.000
  5.0    0.250            -19710.723
 10.0    0.250             12451.162
 15.0    0.250             68596.180
 20.0    0.250            -79703.195
 25.0    0.250           -129588.055
 30.0    0.250            215473.812
 35.0    0.250            193320.406
 40.0    0.250           -367955.312
 45.0    0.250           -267119.531
 50.0    0.250            434813.688
 55.0    0.250            352807.250
 60.0    0.250           -341103.656
 65.0    0.250           -403044.438
 70.0    0.250            146508.562
 75.0    0.250            358614.531
 80.0    0.250            -39237.422
 85.0    0.250           -250800.891
 90.0    0.250            139875.141
 95.0    0.250            197815.094
100.0    0.250           -341330.250
105.0    0.250           -255662.844
110.0    0.250            435788.875
115.0    0.250            351411.375
120.0    0.250           -340987.344
125.0    0.250           -380496.719
130.0    0.250            132650.297
135.0    0.250            289554.750
140.0    0.250             40773.922
145.0    0.250           -121008.984
150.0    0.250            -74385.406
155.0    0.250              3250.869
160.0    0.250             22527.148
165.0    0.250             11995.879
170.0    0.250              3186.970
175.0    0.250               452.238
180.0    0.250                28.243
185.0    0.250                 0.158
190.0    0.250                 0.000
195.0    0.250                 0.000
200.0    0.250                 0.000
205.0    0.250                 0.000
210.0    0.250                 0.000
215.0    0.250                 0.000
220.0    0.250                 0.000
225.0    0.250                 0.000
230.0    0.250                 0.000
235.0    0.250                 0.000
240.0    0.250                 0.000
245.0    0.250                 0.000
250.0    0.250                 0.000
255.0    0.250                 0.000
260.0    0.250                 0.000
265.0    0.250                 0.000
270.0    0.250                 0.000
275.0    0.250                 0.000
280.0    0.250                 0.000
285.0    0.250                 0.000
290.0    0.250                 0.000
295.0    0.250                 0.000
300.0    0.250                 0.000
  0.0    0.267                 0.000
  5.0    0.267            -32156.902
 10.0    0.267            -75820.414
 15.0    0.267            160713.672
 20.0    0.267            118401.758
 25.0    0.267           -424646.969
 30.0    0.267           -107305.469
 35.0    0.267            776516.125
 40.0    0.267             92300.406
 45.0    0.267          -1069567.375
 50.0    0.267           -184865.062
 55.0    0.267           1128414.250
 60.0    0.267            414445.656
 65.0    0.267           -890461.625
 70.0    0.267           -614845.750
 75.0    0.267            544286.188
 80.0    0.267            569934.188
 85.0    0.267           -429841.812
 90.0    0.267           -308561.375
 95.0    0.267            678828.000
100.0    0.267            111966.281
105.0    0.267          -1032471.125
110.0    0.267           -171042.500
115.0    0.267           1127876.875
120.0    0.267            390627.969
125.0    0.267           -853944.875
130.0    0.267           -537133.125
135.0    0.267            381394.375
140.0    0.267            451173.438
145.0    0.267             -5895.727
150.0    0.267           -198595.547
155.0    0.267            -93622.914
160.0    0.267             13785.638
165.0    0.267             31328.318
170.0    0.267             14725.992
175.0    0.267              3609.702
180.0    0.267               480.141
185.0    0.267                28.390
190.0    0.267                 0.158
195.0    0.267                 0.000
200.0    0.267                 0.000
205.0    0.267                 0.000
210.0    0.267                 0.000
215.0    0.267                 0.000
220.0    0.267                 0.000
225.0    0.267                 0.000
230.0    0.267                 0.000
235.0    0.267                 0.000
240.0    0.267                 0.000
245.0    0.267                 0.000
250.0    0.267                 0.000
255.0    0.267                 0.000
260.0    0.267                 0.000
265.0    0.267                 0.000
270.0    0.267                 0.000
275.0    0.267                 0.000
280.0    0.267                 0.000
285.0    0.267                 0.000
290.0    0.267                 0.000
295.0    0.267                 0.000
300.0    0.267                 0.000
  0.0    0.283                 0.000
  5.0    0.283             43633.176
 10.0    0.283           -268613.844
 15.0    0.283            -33430.797
 20.0    0.283            703528.188
 25.0    0.283           -199030.047
 30.0    0.283          -1307988.125
 35.0    0.283            576990.125
 40.0    0.283           1937645.375
 45.0    0.283           -792512.750
 50.0    0.283          -2381967.250
 55.0    0.283            529343.250
 60.0    0.283           2432514.000
 65.0    0.283            138417.938
 70.0    0.283          -2049019.500
 75.0    0.283           -640019.812
 80.0    0.283           1543672.500
 85.0    0.283            448302.312
 90.0    0.283          -1416787.625
 95.0    0.283            258468.594
100.0    0.283           1822580.750
105.0    0.283           -749575.562
110.0    0.283          -2330526.250
115.0    0.283            566431.062
120.0    0.283           2371656.750
125.0    0.283             73445.062
130.0    0.283          -1771978.125
135.0    0.283           -606516.812
140.0    0.283            838308.625
145.0    0.283            643613.312
150.0    0.283           -110903.453
155.0    0.283           -305919.125
160.0    0.283           -111115.602
165.0    0.283             30388.340
170.0    0.283             42433.520
175.0    0.283             17849.854
180.0    0.283              4060.021
185.0    0.283               508.181
190.0    0.283                28.537
195.0    0.283                 0.158
200.0    0.283                 0.000
205.0    0.283                 0.000
210.0    0.283                 0.000
215.0    0.283                 0.000
220.0    0.283                 0.000
225.0    0.283                 0.000
230.0    0.283                 0.000
235.0    0.283                 0.000
240.0    0.283                 0.000
245.0    0.283                 0.000
250.0    0.283                 0.000
255.0    0.283                 0.000
260.0    0.283                 0.000
265.0    0.283                 0.000
270.0    0.283                 0.000
275.0    0.283                 0.000
280.0    0.283                 0.000
285.0    0.283                 0.000
290.0    0.283                 0.000
295.0    0.283                 0.000
300.0    0.283                 0.000
  0.0    0.300                 0.000
  5.0    0.300            312139.562
 10.0    0.300           -191580.703
 15.0    0.300          -1005183.875
 20.0    0.300            869061.188
 25.0    0.300           1811681.500
 30.0    0.300          -2083697.875
 35.0    0.300          -2667345.000
 40.0    0.300           3306600.500
 45.0    0.300           3525371.750
 50.0    0.300          -3703294.500
 55.0    0.300          -4283212.000
 60.0    0.300           2823283.000
 65.0    0.300           4618158.500
 70.0    0.300          -1270893.250
 75.0    0.300          -4231274.500
 80.0    0.300            455785.750
 85.0    0.300           3407577.750
 90.0    0.300          -1227029.875
 95.0    0.300          -2979604.000
100.0    0.300           2830221.500
105.0    0.300           3401870.000
110.0    0.300          -3646006.500
115.0    0.300          -4133871.000
120.0    0.300           2864445.500
125.0    0.300           4215422.500
130.0    0.300          -1092288.250
135.0    0.300          -3215759.250
140.0    0.300           -411321.375
145.0    0.300           1592445.625
150.0    0.300            838249.125
155.0    0.300           -305707.062
160.0    0.300           -447288.531
165.0    0.300           -123099.344
170.0    0.300             54966.988
175.0    0.300             56208.000
180.0    0.300             21394.756
185.0    0.300              4538.052
190.0    0.300               536.356
195.0    0.300                28.683
200.0    0.300                 0.158
205.0    0.300                 0.000
210.0    0.300                 0.000
215.0    0.300                 0.000
220.0    0.300                 0.000
225.0    0.300                 0.000
230.0    0.300                 0.000
235.0    0.300                 0.000
240.0    0.300                 0.000
245.0    0.300                 0.000
250.0    0.300                 0.000
255.0    0.300                 0.000
260.0    0.300                 0.000
265.0    0.300                 0.000
270.0    0.300                 0.000
275.0    0.300                 0.000
280.0    0.300                 0.000
285.0    0.300                 0.000
290.0    0.300                 0.000
295.0    0.300                 0.000
300.0    0.300                 0.000
  0.0    0.317                 0.000
  5.0    0.317            503643.625
 10.0    0.317           1125215.750
 15.0    0.317          -2065401.375
 20.0    0.317          -1946677.250
 25.0    0.317           4763259.000
 30.0    0.317           2393536.500
 35.0    0.317          -8055487.000
 40.0    0.317          -2883639.000
 45.0    0.317          10532462.000
 50.0    0.317           4102165.500
 55.0    0.317         -10807178.000
 60.0    0.317          -6074526.000
 65.0    0.317           8710697.000
 70.0    0.317           7575000.000
 75.0    0.317          -5957263.000
 80.0    0.317          -7180010.000
 85.0    0.317           5089720.000
 90.0    0.317           5157596.500
 95.0    0.317          -7035232.000
100.0    0.317          -3548699.500
105.0    0.317           9875507.000
110.0    0.317           3886719.500
115.0    0.317         -10641718.000
120.0    0.317          -5481507.500
125.0    0.317           8170573.000
130.0    0.317           6335921.000
135.0    0.317          -3896453.750
140.0    0.317          -5217603.000
145.0    0.317            343375.000
150.0    0.317           2735642.500
155.0    0.317            979316.312
160.0    0.317           -629823.188
165.0    0.317           -625153.938
170.0    0.317           -124268.625
175.0    0.317             89766.805
180.0    0.317             73044.031
185.0    0.317             25388.107
190.0    0.317              5043.921
195.0    0.317               564.667
200.0    0.317                28.830
205.0    0.317                 0.158
210.0    0.317                 0.000
215.0    0.317                 0.000
220.0    0.317                 0.000
225.0    0.317                 0.000
230.0    0.317                 0.000
235.0    0.317                 0.000
240.0    0.317                 0.000
245.0    0.317                 0.000
250.0    0.317                 0.000
255.0    0.317                 0.000
260.0    0.317                 0.000
265.0    0.317                 0.000
270.0    0.317                 0.000
275.0    0.317                 0.000
280.0    0.317                 0.000
285.0    0.317                 0.000
290.0    0.317                 0.000
295.0    0.317                 0.000
300.0    0.317                 0.000
  0.0    0.333                 0.000
  5.0    0.333           -621122.000
 10.0    0.333           3693233.000
 15.0    0.333           1005262.625
 20.0    0.333          -8772606.000
 25.0    0.333            424781.500
 30.0    0.333          15207154.000
 35.0    0.333          -2780422.500
 40.0    0.333         -21464152.000
 45.0    0.333           3549452.500
 50.0    0.333          25433268.000
 55.0    0.333           -634557.000
 60.0    0.333         -25584594.000
 65.0    0.333          -4933368.000
 70.0    0.333          22237092.000
 75.0    0.333           8791844.000
 80.0    0.333         -18222572.000
 85.0    0.333          -7242950.000
 90.0    0.333          17277698.000
 95.0    0.333           1667581.000
100.0    0.333         -20452674.000
105.0    0.333           2443062.500
110.0    0.333          24395736.000
115.0    0.333          -1277239.000
120.0    0.333         -24286274.000
125.0    0.333          -3642127.000
130.0    0.333          18398120.000
135.0    0.333           7652448.000
140.0    0.333          -9455736.000
145.0    0.333          -7606688.500
150.0    0.333           2099955.500
155.0    0.333           4343435.500
160.0    0.333            974005.188
165.0    0.333          -1130506.250
170.0    0.333           -838903.375
175.0    0.333           -107466.914
180.0    0.333            137396.969
185.0    0.333             93361.016
190.0    0.333             29857.430
195.0    0.333              5577.751
200.0    0.333               593.113
205.0    0.333                28.976
210.0    0.333                 0.158
215.0    0.333                 0.000
220.0    0.333                 0.000
225.0    0.333                 0.000
230.0    0.333                 0.000
235.0    0.333                 0.000
240.0    0.333                 0.000
245.0    0.333                 0.000
250.0    0.333                 0.000
255.0    0.333                 0.000
260.0    0.333                 0.000
265.0    0.333                 0.000
270.0    0.333                 0.000
275.0    0.333                 0.000
280.0    0.333                 0.000
285.0    0.333                 0.000
290.0    0.333                 0.000
295.0    0.333                 0.000
300.0    0.333                 0.000
  0.0    0.350                 0.000
  5.0    0.350          -4312877.500
 10.0    0.350           2067499.000
 15.0    0.350          13466115.000
 20.0    0.350          -8192357.000
 25.0    0.350         -23545384.000
 30.0    0.350          18411076.000
 35.0    0.350          33876208.000
 40.0    0.350         -27791494.000
 45.0    0.350         -43329204.000
 50.0    0.350          29615604.000
 55.0    0.350          50362896.000
 60.0    0.350         -21287504.000
 65.0    0.350         -52735924.000
 70.0    0.350           8517371.000
 75.0    0.350          49235320.000
 80.0    0.350          -2194193.000
 85.0    0.350         -42729016.000
 90.0    0.350           8370732.000
 95.0    0.350          39382856.000
100.0    0.350         -21227846.000
105.0    0.350         -42387400.000
110.0    0.350          28114550.000
115.0    0.350          47385292.000
120.0    0.350         -21922332.000
125.0    0.350         -46309444.000
130.0    0.350           7108064.000
135.0    0.350          35495160.000
140.0    0.350           5797295.000
145.0    0.350         -19157758.000
150.0    0.350          -9845388.000
155.0    0.350           5468935.000
160.0    0.350           6445757.000
165.0    0.350            681677.000
170.0    0.350          -1861533.375
175.0    0.350          -1083376.750
180.0    0.350            -63350.625
185.0    0.350            200857.531
190.0    0.350            117605.578
195.0    0.350             34830.359
200.0    0.350              6139.667
205.0    0.350               621.694
210.0    0.350                29.123
215.0    0.350                 0.158
220.0    0.350                 0.000
225.0    0.350                 0.000
230.0    0.350                 0.000
235.0    0.350                 0.000
240.0    0.350                 0.000
245.0    0.350                 0.000
250.0    0.350                 0.000
255.0    0.350                 0.000
260.0    0.350                 0.000
265.0    0.350                 0.000
270.0    0.350                 0.000
275.0    0.350                 0.000
280.0    0.350                 0.000
285.0    0.350                 0.000
290.0    0.350                 0.000
295.0    0.350                 0.000
300.0    0.350                 0.000
  0.0    0.367                 0.000
  5.0    0.367          -6379549.500
 10.0    0.367         -15704381.000
 15.0    0.367          23721866.000
 20.0    0.367          28804336.000
 25.0    0.367         -50138172.000
 30.0    0.367         -38987544.000
 35.0    0.367          80060288.000
 40.0    0.367          49383024.000
 45.0    0.367        -100713328.000
 50.0    0.367         -64039012.000
 55.0    0.367         101245640.000
 60.0    0.367          81770064.000
 65.0    0.367         -82528880.000
 70.0    0.367         -93413088.000
 75.0    0.367          59942600.000
 80.0    0.367          89733352.000
 85.0    0.367         -53289712.000
 90.0    0.367         -73708288.000
 95.0    0.367          68969592.000
100.0    0.367          60509696.000
105.0    0.367         -91710056.000
110.0    0.367         -61622224.000
115.0    0.367          97402152.000
120.0    0.367          71734912.000
125.0    0.367         -75328224.000
130.0    0.367         -74663816.000
135.0    0.367          36805404.000
140.0    0.367          60428352.000
145.0    0.367          -3521333.000
150.0    0.367         -34462228.000
155.0    0.367         -10815692.000
160.0    0.367          11231100.000
165.0    0.367           8985644.000
170.0    0.367            -97185.750
175.0    0.367          -2880840.000
180.0    0.367          -1347071.125
185.0    0.367             19973.719
190.0    0.367            283566.312
195.0    0.367            146251.688
200.0    0.367             40334.645
205.0    0.367              6729.793
210.0    0.367               650.410
215.0    0.367                29.269
220.0    0.367                 0.158
225.0    0.367                 0.000
230.0    0.367                 0.000
235.0    0.367                 0.000
240.0    0.367                 0.000
245.0    0.367                 0.000
250.0    0.367                 0.000
255.0    0.367                 0.000
260.0    0.367                 0.000
265.0    0.367                 0.000
270.0    0.367                 0.000
275.0    0.367                 0.000
280.0    0.367                 0.000
285.0    0.367                 0.000
290.0    0.367                 0.000
295.0    0.367                 0.000
300.0    0.367                 0.000
  0.0    0.383                 0.000
  5.0    0.383           9318548.000
 10.0    0.383         -45793756.000
 15.0    0.383         -20769042.000
 20.0    0.383         102634824.000
 25.0    0.383          17626588.000
 30.0    0.383        -169133920.000
 35.0    0.383          -8274928.000
 40.0    0.383         230084320.000
 45.0    0.383          12663328.000
 50.0    0.383        -265917184.000
 55.0    0.383         -44505096.000
 60.0    0.383         265471072.000
 65.0    0.383          92584192.000
 70.0    0.383        -235827584.000
 75.0    0.383        -123130568.000
 80.0    0.383         202920352.000
 85.0    0.383         110086528.000
 90.0    0.383        -195918688.000
 95.0    0.383         -65194696.000
100.0    0.383         221125056.000
105.0    0.383          30373000.000
110.0    0.383        -250658768.000
115.0    0.383         -35901632.000
120.0    0.383         244396176.000
125.0    0.383          71011920.000
130.0    0.383        -186752576.000
135.0    0.383         -98232704.000
140.0    0.383         100738960.000
145.0    0.383          91331280.000
150.0    0.383         -27170788.000
155.0    0.383         -56490740.000
160.0    0.383          -8562314.000
165.0    0.383          20309398.000
170.0    0.383          11764551.000
175.0    0.383          -1631454.625
180.0    0.383          -4246724.500
185.0    0.383          -1610011.375
190.0    0.383            157338.875
195.0    0.383            389386.062
200.0    0.383            179800.719
205.0    0.383             46398.152
210.0    0.383              7348.253
215.0    0.383               679.261
220.0    0.383                29.415
225.0    0.383                 0.158
230.0    0.383                 0.000
235.0    0.383                 0.000
240.0    0.383                 0.000
245.0    0.383                 0.000
250.0    0.383                 0.000
255.0    0.383                 0.000
260.0    0.383                 0.000
265.0    0.383                 0.000
270.0    0.383                 0.000
275.0    0.383                 0.000
280.0    0.383                 0.000
285.0    0.383                 0.000
290.0    0.383                 0.000
295.0    0.383                 0.000
300.0    0.383                 0.000
  0.0    0.400                 0.000
  5.0    0.400          55093984.000
 10.0    0.400         -15718204.000
 15.0    0.400        -169138240.000
 20.0    0.400          64254552.000
 25.0    0.400         289286592.000
 30.0    0.400        -143242768.000
 35.0    0.400        -407333440.000
 40.0    0.400         209154432.000
 45.0    0.400         508466400.000
 50.0    0.400        -208771632.000
 55.0    0.400        -575680768.000
 60.0    0.400         128436640.000
 65.0    0.400         593682304.000
 70.0    0.400         -20199136.000
 75.0    0.400        -561702976.000
 80.0    0.400         -30203440.000
 85.0    0.400         508766016.000
 90.0    0.400         -20707600.000
 95.0    0.400        -482071584.000
100.0    0.400         125595592.000
105.0    0.400         501968064.000
110.0    0.400        -184410656.000
115.0    0.400        -530758528.000
120.0    0.400         137525408.000
125.0    0.400         501988160.000
130.0    0.400         -17575664.000
135.0    0.400        -385609216.000
140.0    0.400         -88749184.000
145.0    0.400         219189856.000
150.0    0.400         120592096.000
155.0    0.400         -75091768.000
160.0    0.400         -85331720.000
165.0    0.400             -9334.000
170.0    0.400          33696624.000
175.0    0.400          14373415.000
180.0    0.400          -4268159.000
185.0    0.400          -6012313.000
190.0    0.400          -1841258.750
195.0    0.400            366933.219
200.0    0.400            522651.406
205.0    0.400            218781.625
210.0    0.400             53048.855
215.0    0.400              7995.171
220.0    0.400               708.247
225.0    0.400                29.561
230.0    0.400                 0.158
235.0    0.400                 0.000
240.0    0.400                 0.000
245.0    0.400                 0.000
250.0    0.400                 0.000
255.0    0.400                 0.000
260.0    0.400                 0.000
265.0    0.400                 0.000
270.0    0.400                 0.000
275.0    0.400                 0.000
280.0    0.400                 0.000
285.0    0.400                 0.000
290.0    0.400                 0.000
295.0    0.400                 0.000
300.0    0.400                 0.000
  0.0    0.416                 0.000
  5.0    0.416          70805904.000
 10.0    0.416         208424304.000
 15.0    0.416        -249079008.000
 20.0    0.416        -393986880.000
 25.0    0.416         496700896.000
 30.0    0.416         553098560.000
 35.0    0.416        -759589632.000
 40.0    0.416        -706278976.000
 45.0    0.416         926225280.000
 50.0    0.416         874941760.000
 55.0    0.416        -912754112.000
 60.0    0.416       -1040458624.000
 65.0    0.416         742258624.000
 70.0    0.416        1134723968.000
 75.0    0.416        -551702656.000
 80.0    0.416       -1100244096.000
 85.0    0.416         499273984.000
 90.0    0.416         969733632.000
 95.0    0.416        -628316288.000
100.0    0.416        -858050432.000
105.0    0.416         811850240.000
110.0    0.416         847902720.000
115.0    0.416        -852565760.000
120.0    0.416        -894808064.000
125.0    0.416         657027200.000
130.0    0.416         869666624.000
135.0    0.416        -314464160.000
140.0    0.416        -693306304.000
145.0    0.416           9932320.000
150.0    0.416         414756000.000
155.0    0.416         130749656.000
160.0    0.416        -160384112.000
165.0    0.416        -118990064.000
170.0    0.416          19319628.000
175.0    0.416          52323012.000
180.0    0.416          16109413.000
185.0    0.416          -8438242.000
190.0    0.416          -8217953.000
195.0    0.416          -1996031.250
200.0    0.416            670743.750
205.0    0.416            688196.312
210.0    0.416            263750.969
215.0    0.416             60314.840
220.0    0.416              8670.670
225.0    0.416               737.367
230.0    0.416                29.707
235.0    0.416                 0.158
240.0    0.416                 0.000
245.0    0.416                 0.000
250.0    0.416                 0.000
255.0    0.416                 0.000
260.0    0.416                 0.000
265.0    0.416                 0.000
270.0    0.416                 0.000
275.0    0.416                 0.000
280.0    0.416                 0.000
285.0    0.416                 0.000
290.0    0.416                 0.000
295.0    0.416                 0.000
300.0    0.416                 0.000
  0.0    0.433                 0.000
  5.0    0.433        -137535024.000
 10.0    0.433         528181248.000
 15.0    0.433         353091168.000
 20.0    0.433       -1139468416.000
 25.0    0.433        -450005664.000
 30.0    0.433        1808886528.000
 35.0    0.433         499284096.000
 40.0    0.433       -2391419392.000
 45.0    0.433        -654362880.000
 50.0    0.433        2713185280.000
 55.0    0.433        1001880000.000
 60.0    0.433       -2694809088.000
 65.0    0.433       -1432053760.000
 70.0    0.433        2428167680.000
 75.0    0.433        1682371200.000
 80.0    0.433       -2150800384.000
 85.0    0.433       -1569875584.000
 90.0    0.433        2096872832.000
 95.0    0.433        1198736512.000
100.0    0.433       -2297640960.000
105.0    0.433        -893420416.000
110.0    0.433        2511652864.000
115.0    0.433         889447808.000
120.0    0.433       -2403796992.000
125.0    0.433       -1106741504.000
130.0    0.433        1840769280.000
135.0    0.433        1247883520.000
140.0    0.433       -1017572992.000
145.0    0.433       -1097686784.000
150.0    0.433         293987008.000
155.0    0.433         705659648.000
160.0    0.433          89255680.000
165.0    0.433        -298621920.000
170.0    0.433        -151924896.000
175.0    0.433          55531944.000
180.0    0.433          76846360.000
185.0    0.433          15879392.000
190.0    0.433         -14657586.000
195.0    0.433         -10881172.000
200.0    0.433          -2012410.000
205.0    0.433           1095026.250
210.0    0.433            891381.250
215.0    0.433            315293.094
220.0    0.433             68224.305
225.0    0.433              9374.873
230.0    0.433               766.622
235.0    0.433                29.853
240.0    0.433                 0.158
245.0    0.433                 0.000
250.0    0.433                 0.000
255.0    0.433                 0.000
260.0    0.433                 0.000
265.0    0.433                 0.000
270.0    0.433                 0.000
275.0    0.433                 0.000
280.0    0.433                 0.000
285.0    0.433                 0.000
290.0    0.433                 0.000
295.0    0.433                 0.000
300.0    0.433                 0.000
  0.0    0.450                 0.000
  5.0    0.450        -665504960.000
 10.0    0.450          37751360.000
 15.0    0.450        2020073728.000
 20.0    0.450        -336692864.000
 25.0    0.450       -3397181184.000
 30.0    0.450         859976576.000
 35.0    0.450        4697909760.000
 40.0    0.450       -1238233984.000
 45.0    0.450       -5756924928.000
 50.0    0.450        1057604992.000
 55.0    0.450        6407710720.000
 60.0    0.450        -261849088.000
 65.0    0.450       -6552980992.000
 70.0    0.450        -685011200.000
 75.0    0.450        6259507200.000
 80.0    0.450        1100145408.000
 85.0    0.450       -5815849472.000
 90.0    0.450        -670631552.000
 95.0    0.450        5591492096.000
100.0    0.450        -206321024.000
105.0    0.450       -5700790272.000
110.0    0.450         729497856.000
115.0    0.450        5802931200.000
120.0    0.450        -408406272.000
125.0    0.450       -5349609472.000
130.0    0.450        -512913664.000
135.0    0.450        4105082368.000
140.0    0.450        1327058816.000
145.0    0.450       -2408721920.000
150.0    0.450       -1508637952.000
155.0    0.450         910309056.000
160.0    0.450        1093135488.000
165.0    0.450         -57537840.000
170.0    0.450        -505937056.000
175.0    0.450        -173147808.000
180.0    0.450         116483048.000
185.0    0.450         107346728.000
190.0    0.450          12092272.000
195.0    0.450         -23521288.000
200.0    0.450         -13983817.000
205.0    0.450          -1807603.250
210.0    0.450           1670802.500
215.0    0.450           1138120.750
220.0    0.450            374020.156
225.0    0.450             76805.570
230.0    0.450             10107.904
235.0    0.450               796.011
240.0    0.450                29.999
245.0    0.450                 0.158
250.0    0.450                 0.000
255.0    0.450                 0.000
260.0    0.450                 0.000
265.0    0.450                 0.000
270.0    0.450                 0.000
275.0    0.450                 0.000
280.0    0.450                 0.000
285.0    0.450                 0.000
290.0    0.450                 0.000
295.0    0.450                 0.000
300.0    0.450                 0.000
  0.0    0.466                 0.000
  5.0    0.466        -703241216.000
 10.0    0.466       -2646753024.000
 15.0    0.466        2394368256.000
 20.0    0.466        5078394880.000
 25.0    0.466       -4593372160.000
 30.0    0.466       -7231875584.000
 35.0    0.466        6795280896.000
 40.0    0.466        9212418048.000
 45.0    0.466       -8051845120.000
 50.0    0.466      -11102163968.000
 55.0    0.466        7726637056.000
 60.0    0.466       12693657600.000
 65.0    0.466       -6129988096.000
 70.0    0.466      -13492373504.000
 75.0    0.466        4475064832.000
 80.0    0.466       13170670592.000
 85.0    0.466       -4045780992.000
 90.0    0.466      -12073409536.000
 95.0    0.466        5127367168.000
100.0    0.466       11081444352.000
105.0    0.466       -6636234752.000
110.0    0.466      -10769622016.000
115.0    0.466        6940380160.000
120.0    0.466       10739673088.000
125.0    0.466       -5245144064.000
130.0    0.466       -9963823104.000
135.0    0.466        2265846016.000
140.0    0.466        7838257152.000
145.0    0.466         425840128.000
150.0    0.466       -4826341376.000
155.0    0.466       -1690423552.000
160.0    0.466        2060595200.000
165.0    0.466        1540894976.000
170.0    0.466        -390373344.000
175.0    0.466        -795318912.000
180.0    0.466        -163899264.000
185.0    0.466         211695744.000
190.0    0.466         142907936.000
195.0    0.466           2544368.000
200.0    0.466         -35688816.000
205.0    0.466         -17455960.000
210.0    0.466          -1273743.000
215.0    0.466           2434384.500
220.0    0.466           1434910.625
225.0    0.466            440572.219
230.0    0.466             86087.062
235.0    0.466             10869.884
240.0    0.466               825.533
245.0    0.466                30.144
250.0    0.466                 0.157
255.0    0.466                 0.000
260.0    0.466                 0.000
265.0    0.466                 0.000
270.0    0.466                 0.000
275.0    0.466                 0.000
280.0    0.466                 0.000
285.0    0.466                 0.000
290.0    0.466                 0.000
295.0    0.466                 0.000
300.0    0.466                 0.000
  0.0    0.483                 0.000
  5.0    0.483        1942452992.000
 10.0    0.483       -5743123456.000
 15.0    0.483       -5327689728.000
 20.0    0.483       12063339520.000
 25.0    0.483        7711973376.000
 30.0    0.483      -18615973888.000
 35.0    0.483       -9642432512.000
 40.0    0.483       24053604352.000
 45.0    0.483       12254611456.000
 50.0    0.483      -26874335232.000
 55.0    0.483      -16059666432.000
 60.0    0.483       26544738304.000
 65.0    0.483       20045568000.000
 70.0    0.483      -24093184000.000
 75.0    0.483      -22177312768.000
 80.0    0.483       21688107008.000
 85.0    0.483       21188200448.000
 90.0    0.483      -21242888192.000
 95.0    0.483      -18018224128.000
100.0    0.483       22840340480.000
105.0    0.483       15206090752.000
110.0    0.483      -24340805632.000
115.0    0.483      -14560310272.000
120.0    0.483       22920323072.000
125.0    0.483       15450070016.000
130.0    0.483      -17471807488.000
135.0    0.483      -15529111552.000
140.0    0.483        9677527040.000
145.0    0.483       13085372416.000
150.0    0.483       -2710924288.000
155.0    0.483       -8574605312.000
160.0    0.483       -1169430528.000
165.0    0.483        3990883072.000
170.0    0.483        1944905984.000
175.0    0.483       -1021702400.000
180.0    0.483       -1170511104.000
185.0    0.483         -94988704.000
190.0    0.483         351975616.000
195.0    0.483         181069664.000
200.0    0.483         -15696490.000
205.0    0.483         -51857264.000
210.0    0.483         -21156128.000
215.0    0.483           -273185.250
220.0    0.483           3427925.250
225.0    0.483           1788856.125
230.0    0.483            515617.500
235.0    0.483             96097.305
240.0    0.483             11660.936
245.0    0.483               855.190
250.0    0.483                30.290
255.0    0.483                 0.157
260.0    0.483                 0.000
265.0    0.483                 0.000
270.0    0.483                 0.000
275.0    0.483                 0.000
280.0    0.483                 0.000
285.0    0.483                 0.000
290.0    0.483                 0.000
295.0    0.483                 0.000
300.0    0.483                 0.000
  0.0    0.500                 0.000
  5.0    0.500        7683278848.000
 10.0    0.500        1524110848.000
 15.0    0.500      -23127029760.000
 20.0    0.500        -971107328.000
 25.0    0.500       38379012096.000
 30.0    0.500       -1268510720.000
 35.0    0.500      -52294942720.000
 40.0    0.500        2165319680.000
 45.0    0.500       63162179584.000
 50.0    0.500        1428615168.000
 55.0    0.500      -69457362944.000
 60.0    0.500       -9546051584.000
 65.0    0.500       70663233536.000
 70.0    0.500       18112802816.000
 75.0    0.500      -67940286464.000
 80.0    0.500      -21660057600.000
 85.0    0.500       64102023168.000
 90.0    0.500       17947852800.000
 95.0    0.500      -62083817472.000
100.0    0.500      -10370682880.000
105.0    0.500       62368358400.000
110.0    0.500        5413687296.000
115.0    0.500      -61802532864.000
120.0    0.500       -7078051840.000
125.0    0.500       55826042880.000
130.0    0.500       13494980608.000
135.0    0.500      -42667585536.000
140.0    0.500      -18925508608.000
145.0    0.500       25468866560.000
150.0    0.500       18940387328.000
155.0    0.500      -10115482624.000
160.0    0.500      -13729892352.000
165.0    0.500         877792512.000
170.0    0.500        6955486208.000
175.0    0.500        2092468224.000
180.0    0.500       -2096854016.000
185.0    0.500       -1616866304.000
190.0    0.500          76027680.000
195.0    0.500         548594688.000
200.0    0.500         217137248.000
205.0    0.500         -46399808.000
210.0    0.500         -72719568.000
215.0    0.500         -24847404.000
220.0    0.500           1366708.875
225.0    0.500           4699999.000
230.0    0.500           2207699.000
235.0    0.500            599852.250
240.0    0.500            106864.953
245.0    0.500             12481.182
250.0    0.500               884.980
255.0    0.500                30.435
260.0    0.500                 0.157
265.0    0.500                 0.000
270.0    0.500                 0.000
275.0    0.500                 0.000
280.0    0.500                 0.000
285.0    0.500                 0.000
290.0    0.500                 0.000
295.0    0.500                 0.000
300.0    0.500                 0.000
