  0.0    0.000                 0.000
  5.0    0.000                 0.000
 10.0    0.000                 0.000
 15.0    0.000                 0.000
 20.0    0.000                 0.000
 25.0    0.000                 0.000
 30.0    0.000                 0.000
 35.0    0.000                 0.000
 40.0    0.000                 0.000
 45.0    0.000                 0.000
 50.0    0.000                 0.000
 55.0    0.000                25.869
 60.0    0.000                49.977
 65.0    0.000                70.683
 70.0    0.000                86.576
 75.0    0.000                96.575
 80.0    0.000               100.000
 85.0    0.000                96.617
 90.0    0.000                86.656
 95.0    0.000                70.795
100.0    0.000                50.115
105.0    0.000                26.023
110.0    0.000                 0.159
115.0    0.000                 0.000
120.0    0.000                 0.000
125.0    0.000                 0.000
130.0    0.000                 0.000
135.0    0.000                 0.000
140.0    0.000                 0.000
145.0    0.000                 0.000
150.0    0.000                 0.000
155.0    0.000                 0.000
160.0    0.000                 0.000
165.0    0.000                 0.000
170.0    0.000                 0.000
175.0    0.000                 0.000
180.0    0.000                 0.000
185.0    0.000                 0.000
190.0    0.000                 0.000
195.0    0.000                 0.000
200.0    0.000                 0.000
205.0    0.000                 0.000
210.0    0.000                 0.000
215.0    0.000                 0.000
220.0    0.000                 0.000
225.0    0.000                 0.000
230.0    0.000                 0.000
235.0    0.000                 0.000
240.0    0.000                 0.000
245.0    0.000                 0.000
250.0    0.000                 0.000
255.0    0.000                 0.000
260.0    0.000                 0.000
265.0    0.000                 0.000
270.0    0.000                 0.000
275.0    0.000                 0.000
280.0    0.000                 0.000
285.0    0.000                 0.000
290.0    0.000                 0.000
295.0    0.000                 0.000
300.0    0.000                 0.000
  0.0    0.017                 0.000
  5.0    0.017                 0.000
 10.0    0.017                 0.000
 15.0    0.017                 0.000
 20.0    0.017                 0.000
 25.0    0.017                 0.000
 30.0    0.017                 0.000
 35.0    0.017                 0.000
 40.0    0.017                 0.000
 45.0    0.017                 0.000
 50.0    0.017               -25.859
 55.0    0.017                 1.771
 60.0    0.017                29.280
 65.0    0.017                54.795
 70.0    0.017                76.581
 75.0    0.017                93.152
 80.0    0.017               103.382
 85.0    0.017               106.574
 90.0    0.017               102.510
 95.0    0.017                91.467
100.0    0.017                74.197
105.0    0.017                51.876
110.0    0.017                 0.318
115.0    0.017                 0.000
120.0    0.017                 0.000
125.0    0.017                 0.000
130.0    0.017                 0.000
135.0    0.017                 0.000
140.0    0.017                 0.000
145.0    0.017                 0.000
150.0    0.017                 0.000
155.0    0.017                 0.000
160.0    0.017                 0.000
165.0    0.017                 0.000
170.0    0.017                 0.000
175.0    0.017                 0.000
180.0    0.017                 0.000
185.0    0.017                 0.000
190.0    0.017                 0.000
195.0    0.017                 0.000
200.0    0.017                 0.000
205.0    0.017                 0.000
210.0    0.017                 0.000
215.0    0.017                 0.000
220.0    0.017                 0.000
225.0    0.017                 0.000
230.0    0.017                 0.000
235.0    0.017                 0.000
240.0    0.017                 0.000
245.0    0.017                 0.000
250.0    0.017                 0.000
255.0    0.017                 0.000
260.0    0.017                 0.000
265.0    0.017                 0.000
270.0    0.017                 0.000
275.0    0.017                 0.000
280.0    0.017                 0.000
285.0    0.017                 0.000
290.0    0.017                 0.000
295.0    0.017                 0.000
300.0    0.017                 0.000
  0.0    0.033                 0.000
  5.0    0.033                 0.000
 10.0    0.033                 0.000
 15.0    0.033                 0.000
 20.0    0.033                 0.000
 25.0    0.033                 0.000
 30.0    0.033                 0.000
 35.0    0.033                 0.000
 40.0    0.033                 0.000
 45.0    0.033                25.848
 50.0    0.033               -53.477
 55.0    0.033               -25.727
 60.0    0.033                 3.774
 65.0    0.033                33.019
 70.0    0.033                60.016
 75.0    0.033                82.926
 80.0    0.033               100.192
 85.0    0.033               110.636
 90.0    0.033               113.548
 95.0    0.033               108.730
100.0    0.033                96.509
105.0    0.033               103.413
110.0    0.033                 0.637
115.0    0.033                 0.000
120.0    0.033                 0.000
125.0    0.033                 0.000
130.0    0.033                 0.000
135.0    0.033                 0.000
140.0    0.033                 0.000
145.0    0.033                 0.000
150.0    0.033                 0.000
155.0    0.033                 0.000
160.0    0.033                 0.000
165.0    0.033                 0.000
170.0    0.033                 0.000
175.0    0.033                 0.000
180.0    0.033                 0.000
185.0    0.033                 0.000
190.0    0.033                 0.000
195.0    0.033                 0.000
200.0    0.033                 0.000
205.0    0.033                 0.000
210.0    0.033                 0.000
215.0    0.033                 0.000
220.0    0.033                 0.000
225.0    0.033                 0.000
230.0    0.033                 0.000
235.0    0.033                 0.000
240.0    0.033                 0.000
245.0    0.033                 0.000
250.0    0.033                 0.000
255.0    0.033                 0.000
260.0    0.033                 0.000
265.0    0.033                 0.000
270.0    0.033                 0.000
275.0    0.033                 0.000
280.0    0.033                 0.000
285.0    0.033                 0.000
290.0    0.033                 0.000
295.0    0.033                 0.000
300.0    0.033                 0.000
  0.0    0.050                 0.000
  5.0    0.050                 0.000
 10.0    0.050                 0.000
 15.0    0.050                 0.000
 20.0    0.050                 0.000
 25.0    0.050                 0.000
 30.0    0.050                 0.000
 35.0    0.050                 0.000
 40.0    0.050               -25.838
 45.0    0.050               105.142
 50.0    0.050               -81.216
 55.0    0.050               -55.217
 60.0    0.050               -25.458
 65.0    0.050                 6.033
 70.0    0.050                37.114
 75.0    0.050                65.668
 80.0    0.050                89.752
 85.0    0.050               107.725
 90.0    0.050               118.364
 95.0    0.050               120.946
100.0    0.050                89.608
105.0    0.050               206.149
110.0    0.050                 1.273
115.0    0.050                 0.000
120.0    0.050                 0.000
125.0    0.050                 0.000
130.0    0.050                 0.000
135.0    0.050                 0.000
140.0    0.050                 0.000
145.0    0.050                 0.000
150.0    0.050                 0.000
155.0    0.050                 0.000
160.0    0.050                 0.000
165.0    0.050                 0.000
170.0    0.050                 0.000
175.0    0.050                 0.000
180.0    0.050                 0.000
185.0    0.050                 0.000
190.0    0.050                 0.000
195.0    0.050                 0.000
200.0    0.050                 0.000
205.0    0.050                 0.000
210.0    0.050                 0.000
215.0    0.050                 0.000
220.0    0.050                 0.000
225.0    0.050                 0.000
230.0    0.050                 0.000
235.0    0.050                 0.000
240.0    0.050                 0.000
245.0    0.050                 0.000
250.0    0.050                 0.000
255.0    0.050                 0.000
260.0    0.050                 0.000
265.0    0.050                 0.000
270.0    0.050                 0.000
275.0    0.050                 0.000
280.0    0.050                 0.000
285.0    0.050                 0.000
290.0    0.050                 0.000
295.0    0.050                 0.000
300.0    0.050                 0.000
  0.0    0.067                 0.000
  5.0    0.067                 0.000
 10.0    0.067                 0.000
 15.0    0.067                 0.000
 20.0    0.067                 0.000
 25.0    0.067                 0.000
 30.0    0.067                 0.000
 35.0    0.067                25.828
 40.0    0.067              -156.766
 45.0    0.067               291.426
 50.0    0.067              -107.205
 55.0    0.067               -84.963
 60.0    0.067               -56.937
 65.0    0.067               -25.035
 70.0    0.067                 8.571
 75.0    0.067                41.594
 80.0    0.067                71.786
 85.0    0.067                97.090
 90.0    0.067               115.784
 95.0    0.067               152.270
100.0    0.067               -26.886
105.0    0.067               410.942
110.0    0.067                 2.546
115.0    0.067                 0.000
120.0    0.067                 0.000
125.0    0.067                 0.000
130.0    0.067                 0.000
135.0    0.067                 0.000
140.0    0.067                 0.000
145.0    0.067                 0.000
150.0    0.067                 0.000
155.0    0.067                 0.000
160.0    0.067                 0.000
165.0    0.067                 0.000
170.0    0.067                 0.000
175.0    0.067                 0.000
180.0    0.067                 0.000
185.0    0.067                 0.000
190.0    0.067                 0.000
195.0    0.067                 0.000
200.0    0.067                 0.000
205.0    0.067                 0.000
210.0    0.067                 0.000
215.0    0.067                 0.000
220.0    0.067                 0.000
225.0    0.067                 0.000
230.0    0.067                 0.000
235.0    0.067                 0.000
240.0    0.067                 0.000
245.0    0.067                 0.000
250.0    0.067                 0.000
255.0    0.067                 0.000
260.0    0.067                 0.000
265.0    0.067                 0.000
270.0    0.067                 0.000
275.0    0.067                 0.000
280.0    0.067                 0.000
285.0    0.067                 0.000
290.0    0.067                 0.000
295.0    0.067                 0.000
300.0    0.067                 0.000
  0.0    0.083                 0.000
  5.0    0.083                 0.000
 10.0    0.083                 0.000
 15.0    0.083                 0.000
 20.0    0.083                 0.000
 25.0    0.083                 0.000
 30.0    0.083               -25.817
 35.0    0.083               208.348
 40.0    0.083              -604.779
 45.0    0.083               689.898
 50.0    0.083              -129.438
 55.0    0.083              -112.978
 60.0    0.083               -88.827
 65.0    0.083               -58.629
 70.0    0.083               -24.438
 75.0    0.083                11.415
 80.0    0.083                46.491
 85.0    0.083                78.404
 90.0    0.083                79.312
 95.0    0.083               331.355
100.0    0.083              -464.539
105.0    0.083               819.175
110.0    0.083                 5.091
115.0    0.083                 0.000
120.0    0.083                 0.000
125.0    0.083                 0.000
130.0    0.083                 0.000
135.0    0.083                 0.000
140.0    0.083                 0.000
145.0    0.083                 0.000
150.0    0.083                 0.000
155.0    0.083                 0.000
160.0    0.083                 0.000
165.0    0.083                 0.000
170.0    0.083                 0.000
175.0    0.083                 0.000
180.0    0.083                 0.000
185.0    0.083                 0.000
190.0    0.083                 0.000
195.0    0.083                 0.000
200.0    0.083                 0.000
205.0    0.083                 0.000
210.0    0.083                 0.000
215.0    0.083                 0.000
220.0    0.083                 0.000
225.0    0.083                 0.000
230.0    0.083                 0.000
235.0    0.083                 0.000
240.0    0.083                 0.000
245.0    0.083                 0.000
250.0    0.083                 0.000
255.0    0.083                 0.000
260.0    0.083                 0.000
265.0    0.083                 0.000
270.0    0.083                 0.000
275.0    0.083                 0.000
280.0    0.083                 0.000
285.0    0.083                 0.000
290.0    0.083                 0.000
295.0    0.083                 0.000
300.0    0.083                 0.000
  0.0    0.100                 0.000
  5.0    0.100                 0.000
 10.0    0.100                 0.000
 15.0    0.100                 0.000
 20.0    0.100                 0.000
 25.0    0.100                25.807
 30.0    0.100              -259.889
 35.0    0.100              1021.150
 40.0    0.100             -1898.938
 45.0    0.100              1508.906
 50.0    0.100              -145.890
 55.0    0.100              -137.120
 60.0    0.100              -119.012
 65.0    0.100               -92.806
 70.0    0.100               -60.277
 75.0    0.100               -23.648
 80.0    0.100                14.592
 85.0    0.100                77.496
 90.0    0.100              -172.631
 95.0    0.100              1126.930
100.0    0.100             -1747.739
105.0    0.100              1632.933
110.0    0.100                10.180
115.0    0.100                 0.000
120.0    0.100                 0.000
125.0    0.100                 0.000
130.0    0.100                 0.000
135.0    0.100                 0.000
140.0    0.100                 0.000
145.0    0.100                 0.000
150.0    0.100                 0.000
155.0    0.100                 0.000
160.0    0.100                 0.000
165.0    0.100                 0.000
170.0    0.100                 0.000
175.0    0.100                 0.000
180.0    0.100                 0.000
185.0    0.100                 0.000
190.0    0.100                 0.000
195.0    0.100                 0.000
200.0    0.100                 0.000
205.0    0.100                 0.000
210.0    0.100                 0.000
215.0    0.100                 0.000
220.0    0.100                 0.000
225.0    0.100                 0.000
230.0    0.100                 0.000
235.0    0.100                 0.000
240.0    0.100                 0.000
245.0    0.100                 0.000
250.0    0.100                 0.000
255.0    0.100                 0.000
260.0    0.100                 0.000
265.0    0.100                 0.000
270.0    0.100                 0.000
275.0    0.100                 0.000
280.0    0.100                 0.000
285.0    0.100                 0.000
290.0    0.100                 0.000
295.0    0.100                 0.000
300.0    0.100                 0.000
  0.0    0.117                 0.000
  5.0    0.117                 0.000
 10.0    0.117                 0.000
 15.0    0.117                 0.000
 20.0    0.117               -25.797
 25.0    0.117               311.389
 30.0    0.117             -1540.417
 35.0    0.117              3940.070
 40.0    0.117             -5305.418
 45.0    0.117              3163.041
 50.0    0.117              -154.657
 55.0    0.117              -155.221
 60.0    0.117              -145.208
 65.0    0.117              -125.321
 70.0    0.117               -96.892
 75.0    0.117               -61.872
 80.0    0.117               -48.287
 85.0    0.117               327.522
 90.0    0.117             -1471.672
 95.0    0.117              4000.449
100.0    0.117             -5127.059
105.0    0.117              3255.037
110.0    0.117                20.356
115.0    0.117                 0.000
120.0    0.117                 0.000
125.0    0.117                 0.000
130.0    0.117                 0.000
135.0    0.117                 0.000
140.0    0.117                 0.000
145.0    0.117                 0.000
150.0    0.117                 0.000
155.0    0.117                 0.000
160.0    0.117                 0.000
165.0    0.117                 0.000
170.0    0.117                 0.000
175.0    0.117                 0.000
180.0    0.117                 0.000
185.0    0.117                 0.000
190.0    0.117                 0.000
195.0    0.117                 0.000
200.0    0.117                 0.000
205.0    0.117                 0.000
210.0    0.117                 0.000
215.0    0.117                 0.000
220.0    0.117                 0.000
225.0    0.117                 0.000
230.0    0.117                 0.000
235.0    0.117                 0.000
240.0    0.117                 0.000
245.0    0.117                 0.000
250.0    0.117                 0.000
255.0    0.117                 0.000
260.0    0.117                 0.000
265.0    0.117                 0.000
270.0    0.117                 0.000
275.0    0.117                 0.000
280.0    0.117                 0.000
285.0    0.117                 0.000
290.0    0.117                 0.000
295.0    0.117                 0.000
300.0    0.117                 0.000
  0.0    0.133                 0.000
  5.0    0.133                 0.000
 10.0    0.133                 0.000
 15.0    0.133                25.786
 20.0    0.133              -362.848
 25.0    0.133              2162.455
 30.0    0.133             -7018.711
 35.0    0.133             13181.860
 40.0    0.133            -13770.489
 45.0    0.133              6479.411
 50.0    0.133              -154.093
 55.0    0.133              -165.230
 60.0    0.133              -165.088
 65.0    0.133              -153.738
 70.0    0.133              -131.899
 75.0    0.133               -75.451
 80.0    0.133              -423.945
 85.0    0.133              2125.996
 90.0    0.133             -6941.604
 95.0    0.133             13124.306
100.0    0.133            -13505.802
105.0    0.133              6488.425
110.0    0.133                40.704
115.0    0.133                 0.000
120.0    0.133                 0.000
125.0    0.133                 0.000
130.0    0.133                 0.000
135.0    0.133                 0.000
140.0    0.133                 0.000
145.0    0.133                 0.000
150.0    0.133                 0.000
155.0    0.133                 0.000
160.0    0.133                 0.000
165.0    0.133                 0.000
170.0    0.133                 0.000
175.0    0.133                 0.000
180.0    0.133                 0.000
185.0    0.133                 0.000
190.0    0.133                 0.000
195.0    0.133                 0.000
200.0    0.133                 0.000
205.0    0.133                 0.000
210.0    0.133                 0.000
215.0    0.133                 0.000
220.0    0.133                 0.000
225.0    0.133                 0.000
230.0    0.133                 0.000
235.0    0.133                 0.000
240.0    0.133                 0.000
245.0    0.133                 0.000
250.0    0.133                 0.000
255.0    0.133                 0.000
260.0    0.133                 0.000
265.0    0.133                 0.000
270.0    0.133                 0.000
275.0    0.133                 0.000
280.0    0.133                 0.000
285.0    0.133                 0.000
290.0    0.133                 0.000
295.0    0.133                 0.000
300.0    0.133                 0.000
  0.0    0.150                 0.000
  5.0    0.150                 0.000
 10.0    0.150               -25.776
 15.0    0.150               414.265
 20.0    0.150             -2887.140
 25.0    0.150             11339.947
 30.0    0.150            -27211.201
 35.0    0.150             40123.430
 40.0    0.150            -34012.289
 45.0    0.150             13110.261
 50.0    0.150              -142.960
 55.0    0.150              -165.372
 60.0    0.150              -176.434
 65.0    0.150              -175.568
 70.0    0.150              -188.324
 75.0    0.150               272.903
 80.0    0.150             -2972.866
 85.0    0.150             11189.969
 90.0    0.150            -26999.486
 95.0    0.150             39743.762
100.0    0.150            -33492.031
105.0    0.150             12933.566
110.0    0.150                81.392
115.0    0.150                 0.000
120.0    0.150                 0.000
125.0    0.150                 0.000
130.0    0.150                 0.000
135.0    0.150                 0.000
140.0    0.150                 0.000
145.0    0.150                 0.000
150.0    0.150                 0.000
155.0    0.150                 0.000
160.0    0.150                 0.000
165.0    0.150                 0.000
170.0    0.150                 0.000
175.0    0.150                 0.000
180.0    0.150                 0.000
185.0    0.150                 0.000
190.0    0.150                 0.000
195.0    0.150                 0.000
200.0    0.150                 0.000
205.0    0.150                 0.000
210.0    0.150                 0.000
215.0    0.150                 0.000
220.0    0.150                 0.000
225.0    0.150                 0.000
230.0    0.150                 0.000
235.0    0.150                 0.000
240.0    0.150                 0.000
245.0    0.150                 0.000
250.0    0.150                 0.000
255.0    0.150                 0.000
260.0    0.150                 0.000
265.0    0.150                 0.000
270.0    0.150                 0.000
275.0    0.150                 0.000
280.0    0.150                 0.000
285.0    0.150                 0.000
290.0    0.150                 0.000
295.0    0.150                 0.000
300.0    0.150                 0.000
  0.0    0.167                 0.000
  5.0    0.167                25.766
 10.0    0.167              -465.641
 15.0    0.167              3714.350
 20.0    0.167            -17108.535
 25.0    0.167             49875.672
 30.0    0.167            -94518.898
 35.0    0.167            114229.492
 40.0    0.167            -81115.984
 45.0    0.167             26358.180
 50.0    0.167              -120.556
 55.0    0.167              -154.315
 60.0    0.167              -177.300
 65.0    0.167              -162.818
 70.0    0.167              -649.366
 75.0    0.167              3517.373
 80.0    0.167            -17130.035
 85.0    0.167             49364.145
 90.0    0.167            -93716.031
 95.0    0.167            112950.258
100.0    0.167            -79899.055
105.0    0.167             25780.600
110.0    0.167               162.751
115.0    0.167                 0.000
120.0    0.167                 0.000
125.0    0.167                 0.000
130.0    0.167                 0.000
135.0    0.167                 0.000
140.0    0.167                 0.000
145.0    0.167                 0.000
150.0    0.167                 0.000
155.0    0.167                 0.000
160.0    0.167                 0.000
165.0    0.167                 0.000
170.0    0.167                 0.000
175.0    0.167                 0.000
180.0    0.167                 0.000
185.0    0.167                 0.000
190.0    0.167                 0.000
195.0    0.167                 0.000
200.0    0.167                 0.000
205.0    0.167                 0.000
210.0    0.167                 0.000
215.0    0.167                 0.000
220.0    0.167                 0.000
225.0    0.167                 0.000
230.0    0.167                 0.000
235.0    0.167                 0.000
240.0    0.167                 0.000
245.0    0.167                 0.000
250.0    0.167                 0.000
255.0    0.167                 0.000
260.0    0.167                 0.000
265.0    0.167                 0.000
270.0    0.167                 0.000
275.0    0.167                 0.000
280.0    0.167                 0.000
285.0    0.167                 0.000
290.0    0.167                 0.000
295.0    0.167                 0.000
300.0    0.167                 0.000
  0.0    0.183                 0.000
  5.0    0.183               516.976
 10.0    0.183             -4643.960
 15.0    0.183             24528.904
 20.0    0.183            -84065.945
 25.0    0.183            194212.484
 30.0    0.183           -303183.781
 35.0    0.183            309496.812
 40.0    0.183           -188547.156
 45.0    0.183             52826.324
 50.0    0.183               -86.811
 55.0    0.183              -131.340
 60.0    0.183              -191.776
 65.0    0.183               323.535
 70.0    0.183             -4814.438
 75.0    0.183             24156.521
 80.0    0.183            -83597.617
 85.0    0.183            192387.078
 90.0    0.183           -300299.656
 95.0    0.183            305722.438
100.0    0.183           -185536.438
105.0    0.183             51388.199
110.0    0.183               325.437
115.0    0.183                 0.000
120.0    0.183                 0.000
125.0    0.183                 0.000
130.0    0.183                 0.000
135.0    0.183                 0.000
140.0    0.183                 0.000
145.0    0.183                 0.000
150.0    0.183                 0.000
155.0    0.183                 0.000
160.0    0.183                 0.000
165.0    0.183                 0.000
170.0    0.183                 0.000
175.0    0.183                 0.000
180.0    0.183                 0.000
185.0    0.183                 0.000
190.0    0.183                 0.000
195.0    0.183                 0.000
200.0    0.183                 0.000
205.0    0.183                 0.000
210.0    0.183                 0.000
215.0    0.183                 0.000
220.0    0.183                 0.000
225.0    0.183                 0.000
230.0    0.183                 0.000
235.0    0.183                 0.000
240.0    0.183                 0.000
245.0    0.183                 0.000
250.0    0.183                 0.000
255.0    0.183                 0.000
260.0    0.183                 0.000
265.0    0.183                 0.000
270.0    0.183                 0.000
275.0    0.183                 0.000
280.0    0.183                 0.000
285.0    0.183                 0.000
290.0    0.183                 0.000
295.0    0.183                 0.000
300.0    0.183                 0.000
  0.0    0.200                 0.000
  5.0    0.200              5675.849
 10.0    0.200            -33805.156
 15.0    0.200            133080.312
 20.0    0.200           -362233.062
 25.0    0.200            691409.750
 30.0    0.200           -915619.250
 35.0    0.200            807341.562
 40.0    0.200           -429824.062
 45.0    0.200            105718.289
 50.0    0.200               -42.300
 55.0    0.200               -70.928
 60.0    0.200              -706.880
 65.0    0.200              5459.453
 70.0    0.200            -33773.809
 75.0    0.200            131867.547
 80.0    0.200           -359471.906
 85.0    0.200            684876.688
 90.0    0.200           -906079.312
 95.0    0.200            796784.812
100.0    0.200           -422366.281
105.0    0.200            102430.531
110.0    0.200               650.744
115.0    0.200                 0.000
120.0    0.200                 0.000
125.0    0.200                 0.000
130.0    0.200                 0.000
135.0    0.200                 0.000
140.0    0.200                 0.000
145.0    0.200                 0.000
150.0    0.200                 0.000
155.0    0.200                 0.000
160.0    0.200                 0.000
165.0    0.200                 0.000
170.0    0.200                 0.000
175.0    0.200                 0.000
180.0    0.200                 0.000
185.0    0.200                 0.000
190.0    0.200                 0.000
195.0    0.200                 0.000
200.0    0.200                 0.000
205.0    0.200                 0.000
210.0    0.200                 0.000
215.0    0.200                 0.000
220.0    0.200                 0.000
225.0    0.200                 0.000
230.0    0.200                 0.000
235.0    0.200                 0.000
240.0    0.200                 0.000
245.0    0.200                 0.000
250.0    0.200                 0.000
255.0    0.200                 0.000
260.0    0.200                 0.000
265.0    0.200                 0.000
270.0    0.200                 0.000
275.0    0.200                 0.000
280.0    0.200                 0.000
285.0    0.200                 0.000
290.0    0.200                 0.000
295.0    0.200                 0.000
300.0    0.200                 0.000
  0.0    0.217                 0.000
  5.0    0.217             45141.059
 10.0    0.217           -200623.859
 15.0    0.217            628195.562
 20.0    0.217          -1415454.375
 25.0    0.217           2297795.750
 30.0    0.217          -2637890.750
 35.0    0.217           2044012.250
 40.0    0.217           -965152.188
 45.0    0.217            211436.562
 50.0    0.217               -13.683
 55.0    0.217               564.770
 60.0    0.217             -6870.747
 65.0    0.217             44677.020
 70.0    0.217           -199348.906
 75.0    0.217            623010.438
 80.0    0.217          -1403402.750
 85.0    0.217           2275196.250
 90.0    0.217          -2608262.250
 95.0    0.217           2015448.250
100.0    0.217           -946953.125
105.0    0.217            204169.609
110.0    0.217              1301.227
115.0    0.217                 0.000
120.0    0.217                 0.000
125.0    0.217                 0.000
130.0    0.217                 0.000
135.0    0.217                 0.000
140.0    0.217                 0.000
145.0    0.217                 0.000
150.0    0.217                 0.000
155.0    0.217                 0.000
160.0    0.217                 0.000
165.0    0.217                 0.000
170.0    0.217                 0.000
175.0    0.217                 0.000
180.0    0.217                 0.000
185.0    0.217                 0.000
190.0    0.217                 0.000
195.0    0.217                 0.000
200.0    0.217                 0.000
205.0    0.217                 0.000
210.0    0.217                 0.000
215.0    0.217                 0.000
220.0    0.217                 0.000
225.0    0.217                 0.000
230.0    0.217                 0.000
235.0    0.217                 0.000
240.0    0.217                 0.000
245.0    0.217                 0.000
250.0    0.217                 0.000
255.0    0.217                 0.000
260.0    0.217                 0.000
265.0    0.217                 0.000
270.0    0.217                 0.000
275.0    0.217                 0.000
280.0    0.217                 0.000
285.0    0.217                 0.000
290.0    0.217                 0.000
295.0    0.217                 0.000
300.0    0.217                 0.000
  0.0    0.233                 0.000
  5.0    0.233            290807.656
 10.0    0.233          -1029111.688
 15.0    0.233           2671028.000
 20.0    0.233          -5127219.000
 25.0    0.233           7231508.000
 30.0    0.233          -7317921.000
 35.0    0.233           5051973.000
 40.0    0.233          -2141270.250
 45.0    0.233            422802.219
 50.0    0.233              -591.906
 55.0    0.233              7997.313
 60.0    0.233            -58397.891
 65.0    0.233            288605.312
 70.0    0.233          -1021379.250
 75.0    0.233           2648613.000
 80.0    0.233          -5080530.000
 85.0    0.233           7156701.000
 90.0    0.233          -7230123.000
 95.0    0.233           4976664.500
100.0    0.233          -2097615.250
105.0    0.233            406956.844
110.0    0.233              2601.934
115.0    0.233                 0.000
120.0    0.233                 0.000
125.0    0.233                 0.000
130.0    0.233                 0.000
135.0    0.233                 0.000
140.0    0.233                 0.000
145.0    0.233                 0.000
150.0    0.233                 0.000
155.0    0.233                 0.000
160.0    0.233                 0.000
165.0    0.233                 0.000
170.0    0.233                 0.000
175.0    0.233                 0.000
180.0    0.233                 0.000
185.0    0.233                 0.000
190.0    0.233                 0.000
195.0    0.233                 0.000
200.0    0.233                 0.000
205.0    0.233                 0.000
210.0    0.233                 0.000
215.0    0.233                 0.000
220.0    0.233                 0.000
225.0    0.233                 0.000
230.0    0.233                 0.000
235.0    0.233                 0.000
240.0    0.233                 0.000
245.0    0.233                 0.000
250.0    0.233                 0.000
255.0    0.233                 0.000
260.0    0.233                 0.000
265.0    0.233                 0.000
270.0    0.233                 0.000
275.0    0.233                 0.000
280.0    0.233                 0.000
285.0    0.233                 0.000
290.0    0.233                 0.000
295.0    0.233                 0.000
300.0    0.233                 0.000
  0.0    0.250                 0.000
  5.0    0.250           1610199.000
 10.0    0.250          -4727771.000
 15.0    0.250          10466155.000
 20.0    0.250         -17481002.000
 25.0    0.250          21775116.000
 30.0    0.250         -19682866.000
 35.0    0.250          12242339.000
 40.0    0.250          -4704317.000
 45.0    0.250            846026.938
 50.0    0.250             -9177.688
 55.0    0.250             74365.953
 60.0    0.250           -405262.281
 65.0    0.250           1598065.875
 70.0    0.250          -4689903.500
 75.0    0.250          10374664.000
 80.0    0.250         -17312866.000
 85.0    0.250          21537770.000
 90.0    0.250         -19432028.000
 95.0    0.250          12048114.000
100.0    0.250          -4601185.500
105.0    0.250            811150.000
110.0    0.250              5202.826
115.0    0.250                 0.000
120.0    0.250                 0.000
125.0    0.250                 0.000
130.0    0.250                 0.000
135.0    0.250                 0.000
140.0    0.250                 0.000
145.0    0.250                 0.000
150.0    0.250                 0.000
155.0    0.250                 0.000
160.0    0.250                 0.000
165.0    0.250                 0.000
170.0    0.250                 0.000
175.0    0.250                 0.000
180.0    0.250                 0.000
185.0    0.250                 0.000
190.0    0.250                 0.000
195.0    0.250                 0.000
200.0    0.250                 0.000
205.0    0.250                 0.000
210.0    0.250                 0.000
215.0    0.250                 0.000
220.0    0.250                 0.000
225.0    0.250                 0.000
230.0    0.250                 0.000
235.0    0.250                 0.000
240.0    0.250                 0.000
245.0    0.250                 0.000
250.0    0.250                 0.000
255.0    0.250                 0.000
260.0    0.250                 0.000
265.0    0.250                 0.000
270.0    0.250                 0.000
275.0    0.250                 0.000
280.0    0.250                 0.000
285.0    0.250                 0.000
290.0    0.250                 0.000
295.0    0.250                 0.000
300.0    0.250                 0.000
  0.0    0.267                 0.000
  5.0    0.267           7945633.500
 10.0    0.267         -19915618.000
 15.0    0.267          38402132.000
 20.0    0.267         -56721416.000
 25.0    0.267          63216512.000
 30.0    0.267         -51595300.000
 35.0    0.267          29182216.000
 40.0    0.267         -10252441.000
 45.0    0.267           1700889.500
 50.0    0.267            -92687.906
 55.0    0.267            553802.312
 60.0    0.267          -2407789.000
 65.0    0.267           7883520.000
 70.0    0.267         -19748444.000
 75.0    0.267          38051116.000
 80.0    0.267         -56147960.000
 85.0    0.267          62491180.000
 90.0    0.267         -50899576.000
 95.0    0.267          28690754.000
100.0    0.267         -10011356.000
105.0    0.267           1616774.750
110.0    0.267             10403.571
115.0    0.267                 0.000
120.0    0.267                 0.000
125.0    0.267                 0.000
130.0    0.267                 0.000
135.0    0.267                 0.000
140.0    0.267                 0.000
145.0    0.267                 0.000
150.0    0.267                 0.000
155.0    0.267                 0.000
160.0    0.267                 0.000
165.0    0.267                 0.000
170.0    0.267                 0.000
175.0    0.267                 0.000
180.0    0.267                 0.000
185.0    0.267                 0.000
190.0    0.267                 0.000
195.0    0.267                 0.000
200.0    0.267                 0.000
205.0    0.267                 0.000
210.0    0.267                 0.000
215.0    0.267                 0.000
220.0    0.267                 0.000
225.0    0.267                 0.000
230.0    0.267                 0.000
235.0    0.267                 0.000
240.0    0.267                 0.000
245.0    0.267                 0.000
250.0    0.267                 0.000
255.0    0.267                 0.000
260.0    0.267                 0.000
265.0    0.267                 0.000
270.0    0.267                 0.000
275.0    0.267                 0.000
280.0    0.267                 0.000
285.0    0.267                 0.000
290.0    0.267                 0.000
295.0    0.267                 0.000
300.0    0.267                 0.000
  0.0    0.283                 0.000
  5.0    0.283          35795740.000
 10.0    0.283         -78210040.000
 15.0    0.283         133487624.000
 20.0    0.283        -176611360.000
 25.0    0.283         177982400.000
 30.0    0.283        -132340504.000
 35.0    0.283          68601096.000
 40.0    0.283         -22200990.000
 45.0    0.283           3493749.500
 50.0    0.283           -738919.500
 55.0    0.283           3514208.750
 60.0    0.283         -12694981.000
 65.0    0.283          35504428.000
 70.0    0.283         -77524880.000
 75.0    0.283         132212512.000
 80.0    0.283        -174739632.000
 85.0    0.283         175836576.000
 90.0    0.283        -130458064.000
 95.0    0.283          67377384.000
100.0    0.283         -21634834.000
105.0    0.283           3222503.250
110.0    0.283             20802.980
115.0    0.283                 0.000
120.0    0.283                 0.000
125.0    0.283                 0.000
130.0    0.283                 0.000
135.0    0.283                 0.000
140.0    0.283                 0.000
145.0    0.283                 0.000
150.0    0.283                 0.000
155.0    0.283                 0.000
160.0    0.283                 0.000
165.0    0.283                 0.000
170.0    0.283                 0.000
175.0    0.283                 0.000
180.0    0.283                 0.000
185.0    0.283                 0.000
190.0    0.283                 0.000
195.0    0.283                 0.000
200.0    0.283                 0.000
205.0    0.283                 0.000
210.0    0.283                 0.000
215.0    0.283                 0.000
220.0    0.283                 0.000
225.0    0.283                 0.000
230.0    0.283                 0.000
235.0    0.283                 0.000
240.0    0.283                 0.000
245.0    0.283                 0.000
250.0    0.283                 0.000
255.0    0.283                 0.000
260.0    0.283                 0.000
265.0    0.283                 0.000
270.0    0.283                 0.000
275.0    0.283                 0.000
280.0    0.283                 0.000
285.0    0.283                 0.000
290.0    0.283                 0.000
295.0    0.283                 0.000
300.0    0.283                 0.000
  0.0    0.300                 0.000
  5.0    0.300         149755920.000
 10.0    0.300        -289823008.000
 15.0    0.300         443462560.000
 20.0    0.300        -531063264.000
 25.0    0.300         488181152.000
 30.0    0.300        -333201728.000
 35.0    0.300         159366864.000
 40.0    0.300         -47885452.000
 45.0    0.300           7724725.000
 50.0    0.300          -4990346.500
 55.0    0.300          19716914.000
 60.0    0.300         -60875108.000
 65.0    0.300         148488512.000
 70.0    0.300        -287178368.000
 75.0    0.300         439041856.000
 80.0    0.300        -525175584.000
 85.0    0.300         482008672.000
 90.0    0.300        -328214368.000
 95.0    0.300         156354000.000
100.0    0.300         -46482228.000
105.0    0.300           6422922.500
110.0    0.300             41597.641
115.0    0.300                 0.000
120.0    0.300                 0.000
125.0    0.300                 0.000
130.0    0.300                 0.000
135.0    0.300                 0.000
140.0    0.300                 0.000
145.0    0.300                 0.000
150.0    0.300                 0.000
155.0    0.300                 0.000
160.0    0.300                 0.000
165.0    0.300                 0.000
170.0    0.300                 0.000
175.0    0.300                 0.000
180.0    0.300                 0.000
185.0    0.300                 0.000
190.0    0.300                 0.000
195.0    0.300                 0.000
200.0    0.300                 0.000
205.0    0.300                 0.000
210.0    0.300                 0.000
215.0    0.300                 0.000
220.0    0.300                 0.000
225.0    0.300                 0.000
230.0    0.300                 0.000
235.0    0.300                 0.000
240.0    0.300                 0.000
245.0    0.300                 0.000
250.0    0.300                 0.000
255.0    0.300                 0.000
260.0    0.300                 0.000
265.0    0.300                 0.000
270.0    0.300                 0.000
275.0    0.300                 0.000
280.0    0.300                 0.000
285.0    0.300                 0.000
290.0    0.300                 0.000
295.0    0.300                 0.000
300.0    0.300                 0.000
  0.0    0.317                 0.000
  5.0    0.317         589158976.000
 10.0    0.317       -1022815232.000
 15.0    0.317        1417598592.000
 20.0    0.317       -1549899904.000
 25.0    0.317        1309235456.000
 30.0    0.317        -825573248.000
 35.0    0.317         366536256.000
 40.0    0.317        -103473384.000
 45.0    0.317          20434710.000
 50.0    0.317         -29687724.000
 55.0    0.317         100276696.000
 60.0    0.317        -270154976.000
 65.0    0.317         583981120.000
 70.0    0.317       -1013108096.000
 75.0    0.317        1402873600.000
 80.0    0.317       -1531956864.000
 85.0    0.317        1291907584.000
 90.0    0.317        -812588864.000
 95.0    0.317         359109088.000
100.0    0.317         -99366216.000
105.0    0.317          12801695.000
110.0    0.317             83178.641
115.0    0.317                 0.000
120.0    0.317                 0.000
125.0    0.317                 0.000
130.0    0.317                 0.000
135.0    0.317                 0.000
140.0    0.317                 0.000
145.0    0.317                 0.000
150.0    0.317                 0.000
155.0    0.317                 0.000
160.0    0.317                 0.000
165.0    0.317                 0.000
170.0    0.317                 0.000
175.0    0.317                 0.000
180.0    0.317                 0.000
185.0    0.317                 0.000
190.0    0.317                 0.000
195.0    0.317                 0.000
200.0    0.317                 0.000
205.0    0.317                 0.000
210.0    0.317                 0.000
215.0    0.317                 0.000
220.0    0.317                 0.000
225.0    0.317                 0.000
230.0    0.317                 0.000
235.0    0.317                 0.000
240.0    0.317                 0.000
245.0    0.317                 0.000
250.0    0.317                 0.000
255.0    0.317                 0.000
260.0    0.317                 0.000
265.0    0.317                 0.000
270.0    0.317                 0.000
275.0    0.317                 0.000
280.0    0.317                 0.000
285.0    0.317                 0.000
290.0    0.317                 0.000
295.0    0.317                 0.000
300.0    0.317                 0.000
  0.0    0.333                 0.000
  5.0    0.333        2200488448.000
 10.0    0.333       -3462252800.000
 15.0    0.333        4383909888.000
 20.0    0.333       -4407891456.000
 25.0    0.333        3443190016.000
 30.0    0.333       -2017205888.000
 35.0    0.333         836357888.000
 40.0    0.333        -227331904.000
 45.0    0.333          70537096.000
 50.0    0.333        -159600160.000
 55.0    0.333         470560192.000
 60.0    0.333       -1123949440.000
 65.0    0.333        2180431360.000
 70.0    0.333       -3428123392.000
 75.0    0.333        4336529920.000
 80.0    0.333       -4354691584.000
 85.0    0.333        3395562240.000
 90.0    0.333       -1983818112.000
 95.0    0.333         817400960.000
100.0    0.333        -211489248.000
105.0    0.333          25515124.000
110.0    0.333            166324.000
115.0    0.333                 0.000
120.0    0.333                 0.000
125.0    0.333                 0.000
130.0    0.333                 0.000
135.0    0.333                 0.000
140.0    0.333                 0.000
145.0    0.333                 0.000
150.0    0.333                 0.000
155.0    0.333                 0.000
160.0    0.333                 0.000
165.0    0.333                 0.000
170.0    0.333                 0.000
175.0    0.333                 0.000
180.0    0.333                 0.000
185.0    0.333                 0.000
190.0    0.333                 0.000
195.0    0.333                 0.000
200.0    0.333                 0.000
205.0    0.333                 0.000
210.0    0.333                 0.000
215.0    0.333                 0.000
220.0    0.333                 0.000
225.0    0.333                 0.000
230.0    0.333                 0.000
235.0    0.333                 0.000
240.0    0.333                 0.000
245.0    0.333                 0.000
250.0    0.333                 0.000
255.0    0.333                 0.000
260.0    0.333                 0.000
265.0    0.333                 0.000
270.0    0.333                 0.000
275.0    0.333                 0.000
280.0    0.333                 0.000
285.0    0.333                 0.000
290.0    0.333                 0.000
295.0    0.333                 0.000
300.0    0.333                 0.000
  0.0    0.350                 0.000
  5.0    0.350        7860964352.000
 10.0    0.350      -11305276416.000
 15.0    0.350       13172194304.000
 20.0    0.350      -12255832064.000
 25.0    0.350        8901401600.000
 30.0    0.350       -4869627904.000
 35.0    0.350        1899622144.000
 40.0    0.350        -525081728.000
 45.0    0.350         300582272.000
 50.0    0.350        -789508416.000
 55.0    0.350        2064432000.000
 60.0    0.350       -4427008512.000
 65.0    0.350        7786742272.000
 70.0    0.350      -11189670912.000
 75.0    0.350       13024274432.000
 80.0    0.350      -12101844992.000
 85.0    0.350        8772790272.000
 90.0    0.350       -4783916544.000
 95.0    0.350        1845879552.000
100.0    0.350        -448398816.000
105.0    0.350          50853784.000
110.0    0.350            332581.469
115.0    0.350                 0.000
120.0    0.350                 0.000
125.0    0.350                 0.000
130.0    0.350                 0.000
135.0    0.350                 0.000
140.0    0.350                 0.000
145.0    0.350                 0.000
150.0    0.350                 0.000
155.0    0.350                 0.000
160.0    0.350                 0.000
165.0    0.350                 0.000
170.0    0.350                 0.000
175.0    0.350                 0.000
180.0    0.350                 0.000
185.0    0.350                 0.000
190.0    0.350                 0.000
195.0    0.350                 0.000
200.0    0.350                 0.000
205.0    0.350                 0.000
210.0    0.350                 0.000
215.0    0.350                 0.000
220.0    0.350                 0.000
225.0    0.350                 0.000
230.0    0.350                 0.000
235.0    0.350                 0.000
240.0    0.350                 0.000
245.0    0.350                 0.000
250.0    0.350                 0.000
255.0    0.350                 0.000
260.0    0.350                 0.000
265.0    0.350                 0.000
270.0    0.350                 0.000
275.0    0.350                 0.000
280.0    0.350                 0.000
285.0    0.350                 0.000
290.0    0.350                 0.000
295.0    0.350                 0.000
300.0    0.350                 0.000
  0.0    0.367                 0.000
  5.0    0.367       27019538432.000
 10.0    0.367      -35772956672.000
 15.0    0.367       38590050304.000
 20.0    0.367      -33404602368.000
 25.0    0.367       22666921984.000
 30.0    0.367      -11636169728.000
 35.0    0.367        4323356160.000
 40.0    0.367       -1350415488.000
 45.0    0.367        1390236928.000
 50.0    0.367       -3642307072.000
 55.0    0.367        8553275904.000
 60.0    0.367      -16635873280.000
 65.0    0.367       26755563520.000
 70.0    0.367      -35393929216.000
 75.0    0.367       38140342272.000
 80.0    0.367      -32968128512.000
 85.0    0.367       22324074496.000
 90.0    0.367      -11411060736.000
 95.0    0.367        4139240192.000
100.0    0.367        -947451712.000
105.0    0.367         101354776.000
110.0    0.367            665029.875
115.0    0.367                 0.000
120.0    0.367                 0.000
125.0    0.367                 0.000
130.0    0.367                 0.000
135.0    0.367                 0.000
140.0    0.367                 0.000
145.0    0.367                 0.000
150.0    0.367                 0.000
155.0    0.367                 0.000
160.0    0.367                 0.000
165.0    0.367                 0.000
170.0    0.367                 0.000
175.0    0.367                 0.000
180.0    0.367                 0.000
185.0    0.367                 0.000
190.0    0.367                 0.000
195.0    0.367                 0.000
200.0    0.367                 0.000
205.0    0.367                 0.000
210.0    0.367                 0.000
215.0    0.367                 0.000
220.0    0.367                 0.000
225.0    0.367                 0.000
230.0    0.367                 0.000
235.0    0.367                 0.000
240.0    0.367                 0.000
245.0    0.367                 0.000
250.0    0.367                 0.000
255.0    0.367                 0.000
260.0    0.367                 0.000
265.0    0.367                 0.000
270.0    0.367                 0.000
275.0    0.367                 0.000
280.0    0.367                 0.000
285.0    0.367                 0.000
290.0    0.367                 0.000
295.0    0.367                 0.000
300.0    0.367                 0.000
  0.0    0.383                 0.000
  5.0    0.383       89786916864.000
 10.0    0.383     -110106214400.000
 15.0    0.383      110555897856.000
 20.0    0.383      -89453699072.000
 25.0    0.383       56956289024.000
 30.0    0.383      -27589310464.000
 35.0    0.383        9994858496.000
 40.0    0.383       -4089971456.000
 45.0    0.383        6420767744.000
 50.0    0.383      -15833011200.000
 55.0    0.383       33732347904.000
 60.0    0.383      -60009951232.000
 65.0    0.383       88880193536.000
 70.0    0.383     -108898787328.000
 75.0    0.383      109220364288.000
 80.0    0.383      -88238211072.000
 85.0    0.383       56045715456.000
 90.0    0.383      -26955141120.000
 95.0    0.383        9223897088.000
100.0    0.383       -1995838592.000
105.0    0.383         202004240.000
110.0    0.383           1329793.750
115.0    0.383                 0.000
120.0    0.383                 0.000
125.0    0.383                 0.000
130.0    0.383                 0.000
135.0    0.383                 0.000
140.0    0.383                 0.000
145.0    0.383                 0.000
150.0    0.383                 0.000
155.0    0.383                 0.000
160.0    0.383                 0.000
165.0    0.383                 0.000
170.0    0.383                 0.000
175.0    0.383                 0.000
180.0    0.383                 0.000
185.0    0.383                 0.000
190.0    0.383                 0.000
195.0    0.383                 0.000
200.0    0.383                 0.000
205.0    0.383                 0.000
210.0    0.383                 0.000
215.0    0.383                 0.000
220.0    0.383                 0.000
225.0    0.383                 0.000
230.0    0.383                 0.000
235.0    0.383                 0.000
240.0    0.383                 0.000
245.0    0.383                 0.000
250.0    0.383                 0.000
255.0    0.383                 0.000
260.0    0.383                 0.000
265.0    0.383                 0.000
270.0    0.383                 0.000
275.0    0.383                 0.000
280.0    0.383                 0.000
285.0    0.383                 0.000
290.0    0.383                 0.000
295.0    0.383                 0.000
300.0    0.383                 0.000
  0.0    0.400                 0.000
  5.0    0.400      289600077824.000
 10.0    0.400     -330680041472.000
 15.0    0.400      310485483520.000
 20.0    0.400     -235805114368.000
 25.0    0.400      141468073984.000
 30.0    0.400      -65158443008.000
 35.0    0.400       24074053632.000
 40.0    0.400      -14596505600.000
 45.0    0.400       28665645056.000
 50.0    0.400      -65378541568.000
 55.0    0.400      127437144064.000
 60.0    0.400     -208840540160.000
 65.0    0.400      286580047872.000
 70.0    0.400     -326930694144.000
 75.0    0.400      306599952384.000
 80.0    0.400     -232464416768.000
 85.0    0.400      139013373952.000
 90.0    0.400      -63119708160.000
 95.0    0.400       20439144448.000
100.0    0.400       -4192802304.000
105.0    0.400         402598400.000
110.0    0.400           2659055.500
115.0    0.400                 0.000
120.0    0.400                 0.000
125.0    0.400                 0.000
130.0    0.400                 0.000
135.0    0.400                 0.000
140.0    0.400                 0.000
145.0    0.400                 0.000
150.0    0.400                 0.000
155.0    0.400                 0.000
160.0    0.400                 0.000
165.0    0.400                 0.000
170.0    0.400                 0.000
175.0    0.400                 0.000
180.0    0.400                 0.000
185.0    0.400                 0.000
190.0    0.400                 0.000
195.0    0.400                 0.000
200.0    0.400                 0.000
205.0    0.400                 0.000
210.0    0.400                 0.000
215.0    0.400                 0.000
220.0    0.400                 0.000
225.0    0.400                 0.000
230.0    0.400                 0.000
235.0    0.400                 0.000
240.0    0.400                 0.000
245.0    0.400                 0.000
250.0    0.400                 0.000
255.0    0.400                 0.000
260.0    0.400                 0.000
265.0    0.400                 0.000
270.0    0.400                 0.000
275.0    0.400                 0.000
280.0    0.400                 0.000
285.0    0.400                 0.000
290.0    0.400                 0.000
295.0    0.400                 0.000
300.0    0.400                 0.000
  0.0    0.416                 0.000
  5.0    0.416      909632077824.000
 10.0    0.416     -971589091328.000
 15.0    0.416      856557551616.000
 20.0    0.416     -612927406080.000
 25.0    0.416      348011921408.000
 30.0    0.416     -154355236864.000
 35.0    0.416       62729142272.000
 40.0    0.416      -57841348608.000
 45.0    0.416      122672209920.000
 50.0    0.416     -258117091328.000
 55.0    0.416      463580299264.000
 60.0    0.416     -704062947328.000
 65.0    0.416      899845390336.000
 70.0    0.416     -960207912960.000
 75.0    0.416      845448675328.000
 80.0    0.416     -603793588224.000
 85.0    0.416      341065596928.000
 90.0    0.416     -146645139456.000
 95.0    0.416       45061238784.000
100.0    0.416       -8786364416.000
105.0    0.416         802377728.000
110.0    0.416           5317047.500
115.0    0.416                 0.000
120.0    0.416                 0.000
125.0    0.416                 0.000
130.0    0.416                 0.000
135.0    0.416                 0.000
140.0    0.416                 0.000
145.0    0.416                 0.000
150.0    0.416                 0.000
155.0    0.416                 0.000
160.0    0.416                 0.000
165.0    0.416                 0.000
170.0    0.416                 0.000
175.0    0.416                 0.000
180.0    0.416                 0.000
185.0    0.416                 0.000
190.0    0.416                 0.000
195.0    0.416                 0.000
200.0    0.416                 0.000
205.0    0.416                 0.000
210.0    0.416                 0.000
215.0    0.416                 0.000
220.0    0.416                 0.000
225.0    0.416                 0.000
230.0    0.416                 0.000
235.0    0.416                 0.000
240.0    0.416                 0.000
245.0    0.416                 0.000
250.0    0.416                 0.000
255.0    0.416                 0.000
260.0    0.416                 0.000
265.0    0.416                 0.000
270.0    0.416                 0.000
275.0    0.416                 0.000
280.0    0.416                 0.000
285.0    0.416                 0.000
290.0    0.416                 0.000
295.0    0.416                 0.000
300.0    0.416                 0.000
  0.0    0.433                 0.000
  5.0    0.433     2790100566016.000
 10.0    0.433    -2799004286976.000
 15.0    0.433     2325454520320.000
 20.0    0.433    -1573482266624.000
 25.0    0.433      850178080768.000
 30.0    0.433     -371352764416.000
 35.0    0.433      183251402752.000
 40.0    0.433     -238282686464.000
 45.0    0.433      503309172736.000
 50.0    0.433     -979525763072.000
 55.0    0.433     1630756405248.000
 60.0    0.433    -2307329622016.000
 65.0    0.433     2759154466816.000
 70.0    0.433    -2765142097920.000
 75.0    0.433     2294111272960.000
 80.0    0.433    -1548274761728.000
 85.0    0.433      828581216256.000
 90.0    0.433     -338274811904.000
 95.0    0.433       98887303168.000
100.0    0.433      -18371270656.000
105.0    0.433        1599119488.000
110.0    0.433          10631968.000
115.0    0.433                 0.000
120.0    0.433                 0.000
125.0    0.433                 0.000
130.0    0.433                 0.000
135.0    0.433                 0.000
140.0    0.433                 0.000
145.0    0.433                 0.000
150.0    0.433                 0.000
155.0    0.433                 0.000
160.0    0.433                 0.000
165.0    0.433                 0.000
170.0    0.433                 0.000
175.0    0.433                 0.000
180.0    0.433                 0.000
185.0    0.433                 0.000
190.0    0.433                 0.000
195.0    0.433                 0.000
200.0    0.433                 0.000
205.0    0.433                 0.000
210.0    0.433                 0.000
215.0    0.433                 0.000
220.0    0.433                 0.000
225.0    0.433                 0.000
230.0    0.433                 0.000
235.0    0.433                 0.000
240.0    0.433                 0.000
245.0    0.433                 0.000
250.0    0.433                 0.000
255.0    0.433                 0.000
260.0    0.433                 0.000
265.0    0.433                 0.000
270.0    0.433                 0.000
275.0    0.433                 0.000
280.0    0.433                 0.000
285.0    0.433                 0.000
290.0    0.433                 0.000
295.0    0.433                 0.000
300.0    0.433                 0.000
  0.0    0.450                 0.000
  5.0    0.450     8376969330688.000
 10.0    0.450    -7921412866048.000
 15.0    0.450     6222831419392.000
 20.0    0.450    -3996172943360.000
 25.0    0.450     2071220322304.000
 30.0    0.450     -925735059456.000
 35.0    0.450      604616851456.000
 40.0    0.450     -979577864192.000
 45.0    0.450     1985550876672.000
 50.0    0.450    -3588763680768.000
 55.0    0.450     5567266947072.000
 60.0    0.450    -7371787075584.000
 65.0    0.450     8281241157632.000
 70.0    0.450    -7822371717120.000
 75.0    0.450     6134960226304.000
 80.0    0.450    -3924179812352.000
 85.0    0.450     1994970497024.000
 90.0    0.450     -775262044160.000
 95.0    0.450      216098963456.000
100.0    0.450      -38333673472.000
105.0    0.450        3186971648.000
110.0    0.450          21259682.000
115.0    0.450                 0.000
120.0    0.450                 0.000
125.0    0.450                 0.000
130.0    0.450                 0.000
135.0    0.450                 0.000
140.0    0.450                 0.000
145.0    0.450                 0.000
150.0    0.450                 0.000
155.0    0.450                 0.000
160.0    0.450                 0.000
165.0    0.450                 0.000
170.0    0.450                 0.000
175.0    0.450                 0.000
180.0    0.450                 0.000
185.0    0.450                 0.000
190.0    0.450                 0.000
195.0    0.450                 0.000
200.0    0.450                 0.000
205.0    0.450                 0.000
210.0    0.450                 0.000
215.0    0.450                 0.000
220.0    0.450                 0.000
225.0    0.450                 0.000
230.0    0.450                 0.000
235.0    0.450                 0.000
240.0    0.450                 0.000
245.0    0.450                 0.000
250.0    0.450                 0.000
255.0    0.450                 0.000
260.0    0.450                 0.000
265.0    0.450                 0.000
270.0    0.450                 0.000
275.0    0.450                 0.000
280.0    0.450                 0.000
285.0    0.450                 0.000
290.0    0.450                 0.000
295.0    0.450                 0.000
300.0    0.450                 0.000
  0.0    0.466                 0.000
  5.0    0.466    24668830433280.000
 10.0    0.466   -22059998511104.000
 15.0    0.466    16437747908608.000
 20.0    0.466   -10061139148800.000
 25.0    0.466     5066976657408.000
 30.0    0.466    -2455474798592.000
 35.0    0.466     2188177833984.000
 40.0    0.466    -3943520534528.000
 45.0    0.466     7557635637248.000
 50.0    0.466   -12741131632640.000
 55.0    0.466    18501144150016.000
 60.0    0.466   -23018554261504.000
 65.0    0.466    24378412630016.000
 70.0    0.466   -21774121041920.000
 75.0    0.466    16190076354560.000
 80.0    0.466    -9840962306048.000
 85.0    0.466     4764094955520.000
 90.0    0.466    -1766226526208.000
 95.0    0.466      470429827072.000
100.0    0.466      -79837708288.000
105.0    0.466        6351417344.000
110.0    0.466          42510860.000
115.0    0.466                 0.000
120.0    0.466                 0.000
125.0    0.466                 0.000
130.0    0.466                 0.000
135.0    0.466                 0.000
140.0    0.466                 0.000
145.0    0.466                 0.000
150.0    0.466                 0.000
155.0    0.466                 0.000
160.0    0.466                 0.000
165.0    0.466                 0.000
170.0    0.466                 0.000
175.0    0.466                 0.000
180.0    0.466                 0.000
185.0    0.466                 0.000
190.0    0.466                 0.000
195.0    0.466                 0.000
200.0    0.466                 0.000
205.0    0.466                 0.000
210.0    0.466                 0.000
215.0    0.466                 0.000
220.0    0.466                 0.000
225.0    0.466                 0.000
230.0    0.466                 0.000
235.0    0.466                 0.000
240.0    0.466                 0.000
245.0    0.466                 0.000
250.0    0.466                 0.000
255.0    0.466                 0.000
260.0    0.466                 0.000
265.0    0.466                 0.000
270.0    0.466                 0.000
275.0    0.466                 0.000
280.0    0.466                 0.000
285.0    0.466                 0.000
290.0    0.466                 0.000
295.0    0.466                 0.000
300.0    0.466                 0.000
  0.0    0.483                 0.000
  5.0    0.483    71378967461888.000
 10.0    0.483   -60542345543680.000
 15.0    0.483    42926033862656.000
 20.0    0.483   -25183203098624.000
 25.0    0.483    12586418438144.000
 30.0    0.483    -7097269878784.000
 35.0    0.483     8317423321088.000
 40.0    0.483   -15440076079104.000
 45.0    0.483    27848282734592.000
 50.0    0.483   -43970910486528.000
 55.0    0.483    60004233117696.000
 60.0    0.483   -70396560801792.000
 65.0    0.483    70512482975744.000
 70.0    0.483   -59723130863616.000
 75.0    0.483    42210699509760.000
 80.0    0.483   -24440175853568.000
 85.0    0.483    11291803516928.000
 90.0    0.483    -4001988083712.000
 95.0    0.483     1020477243392.000
100.0    0.483     -165992349696.000
105.0    0.483       12657800192.000
110.0    0.483          85004712.000
115.0    0.483                 0.000
120.0    0.483                 0.000
125.0    0.483                 0.000
130.0    0.483                 0.000
135.0    0.483                 0.000
140.0    0.483                 0.000
145.0    0.483                 0.000
150.0    0.483                 0.000
155.0    0.483                 0.000
160.0    0.483                 0.000
165.0    0.483                 0.000
170.0    0.483                 0.000
175.0    0.483                 0.000
180.0    0.483                 0.000
185.0    0.483                 0.000
190.0    0.483                 0.000
195.0    0.483                 0.000
200.0    0.483                 0.000
205.0    0.483                 0.000
210.0    0.483                 0.000
215.0    0.483                 0.000
220.0    0.483                 0.000
225.0    0.483                 0.000
230.0    0.483                 0.000
235.0    0.483                 0.000
240.0    0.483                 0.000
245.0    0.483                 0.000
250.0    0.483                 0.000
255.0    0.483                 0.000
260.0    0.483                 0.000
265.0    0.483                 0.000
270.0    0.483                 0.000
275.0    0.483                 0.000
280.0    0.483                 0.000
285.0    0.483                 0.000
290.0    0.483                 0.000
295.0    0.483                 0.000
300.0    0.483                 0.000
  0.0    0.500                 0.000
  5.0    0.500   203247499345920.000
 10.0    0.500  -163969335558144.000
 15.0    0.500   111008026722304.000
 20.0    0.500   -62937716752384.000
 25.0    0.500    32262231949312.000
 30.0    0.500   -22505796403200.000
 35.0    0.500    32065418428416.000
 40.0    0.500   -58711116611584.000
 45.0    0.500    99638744973312.000
 50.0    0.500  -147904463372288.000
 55.0    0.500   190352866672640.000
 60.0    0.500  -211249241522176.000
 65.0    0.500   200696003559424.000
 70.0    0.500  -161616180019200.000
 75.0    0.500   108834907488256.000
 80.0    0.500   -60157862084608.000
 85.0    0.500    26579476414464.000
 90.0    0.500    -9022443880448.000
 95.0    0.500     2206472077312.000
100.0    0.500     -344571019264.000
105.0    0.500       25225566208.000
110.0    0.500         169975424.000
115.0    0.500                 0.000
120.0    0.500                 0.000
125.0    0.500                 0.000
130.0    0.500                 0.000
135.0    0.500                 0.000
140.0    0.500                 0.000
145.0    0.500                 0.000
150.0    0.500                 0.000
155.0    0.500                 0.000
160.0    0.500                 0.000
165.0    0.500                 0.000
170.0    0.500                 0.000
175.0    0.500                 0.000
180.0    0.500                 0.000
185.0    0.500                 0.000
190.0    0.500                 0.000
195.0    0.500                 0.000
200.0    0.500                 0.000
205.0    0.500                 0.000
210.0    0.500                 0.000
215.0    0.500                 0.000
220.0    0.500                 0.000
225.0    0.500                 0.000
230.0    0.500                 0.000
235.0    0.500                 0.000
240.0    0.500                 0.000
245.0    0.500                 0.000
250.0    0.500                 0.000
255.0    0.500                 0.000
260.0    0.500                 0.000
265.0    0.500                 0.000
270.0    0.500                 0.000
275.0    0.500                 0.000
280.0    0.500                 0.000
285.0    0.500                 0.000
290.0    0.500                 0.000
295.0    0.500                 0.000
300.0    0.500                 0.000
